30 31 32
33 34 35
36 37 38 39 40 41 42 43 44 45 46
38 39 47 48
38 39 48 49 50 51 52 53 54 55 56 57 58
32 41 59 60 61 62
3 39 48
63 64 65 66 67 68
32 69
48 70 71 72
39 73 74 75 76 77 78 79
36 38 39 41 48 79 80 81
82 83 84
41 85 86 87 88
39 48 57 63 89 90 91 92 93 94 95 96 97 98 99
36 38 39 48 89
4 7 18 28 37 39 41 42 98
2 38 39 41 95
4 15 20 30 39 56 58 98 100
3 7 22 34 38 40 41 42 43 45 51 52 53 57 74
38 48 71 93
6 9 13 29 35 38 39 42 45 48 50 58 71 78 79
1 34 39 97
18 38 39 56 87 92
42 45 48 54 71 96
39 41 48
19 47 49 59 70 73 84
19 24 38 39 48 54 62 68 92
17 20 32 39 41 48 80 95
32 38 39 47 48 67 70 91
28 39 70 85
36 38 41 48 59 69 78
1 7 34 36 39 48 52 54 55 58 73 74 77 84 94
20 24 39 40 44 50 68 85 91 99
16 35 37 39 54 63 65 72
8 20 28 42 43 46 63 68 96 98
34 68 71
39 41 48 52 57 70 97
1 5 26 32 36 37 38 39 43 62 68 80 83 86
15 38 39 96
14 28 33 39 41 48 57 80
10 25 39 48 65 86
22 45 48
6 10 39 46 48 62 64 66 72 78 83 97
12 39 48
36 38 39 50 52 65 73 82 93
31 39 42 79 83 100
19 33 39 48 79 85 86
74
1 5 28 32 37 38 39 48 55 76 85 94 100
39 48 68
6 38 39 42 45 48 51 95 96
3 12 21 23 39 41 44 47 48 63 65 66 70 88 98
24 37 38
1 5 25 28 31 36 38 39 45 47 60 63 69 70 71 74 75 76 78 82
2 7 10 56 71 81
13 39 45 48 50
15 39 67
13 22 47 48 50 52 58 89 99
4 16 18 22 24 25 26 37 38 41 44 46 48 76
7 21 30 32 39 41 48
1 3 6 18 43 48 51 55 71 75 77 82 92 98 99
20 76
6 23 25 28 30 38 39 41 48 60 63 79 100
1 11 16 31 32 37 39 41 43 44 48 65 68 74 89 93 100
28 49 53 99
18 38 41
38 53 55
7 9 18 19 32 43 47 52 55 58 67 70 74 98
19 30 36 57 66 71
39 50 54 86
8 9 14 16 20 26 31 32 35 38 40 48 53 60 71 77 80 81 89 98
5 32 39 45 48 57 59 99
10 16 18 40 84 89 100
6 15 39 57
5 39 46 48 65 66 78
1 9 12 15 21 23 26 31 32 36 38 40 46 48 55 57 68 82 84 87 88 93
14 18 30 47 48 68 70 75 77 86 90
3 21 23 32 37 38 44 48 57 58 59 71 73 75 78 84
17 39 48 55 71 92
39 41 68
13 41 91
7 15 30 39 58 63 69 70 90
31 32 39 41 48 67 95
38 39 41 51 61 88
9 60
11 21 32 35 39 42 48 49 50 72 79 84 89 99
39
31 41 91
14 32 38 39 48 65 83 100
38 41 45
2 12 16 20 22 49 50 59 62 63 67 68 79 94
1 9 38 39 41 48 65 94
39 48
14 28 38 39
2 9 45 88
27 61 83
41 50 67
5 25 37 38 40 47 48 61 81 83 92
21 38 39 72
7 18 35 37 38 39 44 47 48 49 57 59 60 61 62 76 84 89
10 19 21 34 39 48 56 65 72 76 96 100
7 9 13 28 32 36 39 45 46 48 69 76
4 5 25 31 32 34 37 39 41 48 49 52 64 71 72 73 76 89 94 98
13 18 38 62
4 39 41 48 82 83 90
38 39 68
5 10 13 24 36 37 38 41 44 46 48 54 57 60 62 68 71 78 88
7 8 34 35 39 43 48 63 76 77 80
27 39 56 95
11 25 38 39 55 56 71 86
2 5 16 19 26 30 32 42 45 52 55 62 63 64 66 68 79 83 84 85 92
10 83
39 48 78
1 7 12 14 17 21 28 32 39 41 48 60 67 84
39 48
38 39 41 48 89 90 95 97
10 13 22 25 30 33 38 48 50 59 69 70 74 92
36 38 39 99
39
13 14 21 39 45 65 70 75 89 95
1 41 60 71 86
39 48 50
11 17 33 39 43 48 56 58 61 62 69 72 79 80 82 88 90 97 99
39 41 50 57 95 96
22 39 72
39 46 57
2 4 20 23 24 38 39 41 47 48 52 56 58 65 74 90 91 93
37 38 39 48 83
1 11 12 16 32 39 62 67 68 76 85 86 98
2 12 18 28 29 39 51 74 76 80 82 94
13 35 39 40 91
6 19 37 38 39 41 48 61 82
3 25
3 39 48 49 97
3 8 18 19 26 30 34 36 38 39 41 48 50 51 53 56 57 63 66 68 73 84 85 88 91 93 95
2 41 48 58 72 74 98
8 10
9 39 41
41
19 99
9 10 13 24 31 40 53 60 61 94
3 4 21 27 39 48 50 60 63 68 70 74
12 18 23 35 58 62 70 78 90
25 33 35 70
11 39 41
9 38 59
38 68
8 12 18 19 34 39
2 39 48 77
2 4 7 21 23 37 38 53 100
8 11 16 18 23 24 39 41 48 53 54 58 60 67 89 91 94 96
12 24 38 39 41
8 38 39 48
11 17 19 21 23 27 28 30 31 33 38 39 40 41 44 47 48 50 61 62 76 92 99
26 48 86
8 38 41 85
19 38
9 39 41 48 59 71
22 32 41 53
33 39 48 66 89
0 18 23 30 39 45 48 57 61 65 81 83
22 32 39 70 86
12 22 39 41 62 74 94
4 5 6 11 13 17 20 26 31 34 39 46 48 49 58 61 69 84 96
36 38 39 62 95 97 100
32 35 38 83 89 91
14 16 48 53 59 97
2 9 20 38 39 42 48 67
1 8 9 24 31 38 39 70 94
39 41 48 95
49 52 89
10 11 39 45 48 49 78 86 97 99
36 39 48 50
39 48 84
10 38 39 48 63 75 78 80 100
13 22 24 31 39 40 43 53 62 64 70 73 75 83 92 97 100
7 21 27 39 41 69 81 85
37 39 48 85 90 91
7 8 14 15 17 21 39 41 42 43 47 48 52 57 59 61 67 76 78 85 92 96
39 61
21 28 48 65 70 75 87 93
35 38 39 47 48 51 56 92
31 39 41 78 93
6 25 59 78 87 98
3 9 18 28 32 33 38 39 41 47 57 60 70 76 78 89 100
17 21 25 32 42 48 65 85 99
5 20 32 33 38 39 41 42 46 53 59 61 63 73 76 90 93 94 97
19 39 46 48 58 73 86 92 96
9 14 27 38 39 48 49 63
5 32 39 41 66 69 73 82 85 91 92
10 39 41 48 56 66
4 6 7 9 18 34 35 46 48 76 91 96
23 39 65 70 89
8 15 16 17 19 20 21 25 26 32 33 40 41 43 47 63 66 70 72 76 79 87 90 91
1 3 4 10 12 14 15 17 23 25 27 29 35 45 46 47 51 56 57 63 64 65 70 76 81 86 91 93 94 95 96
60 70 86
15 28 39 64
5 12 26 27 39 41 44 48 73 77 84
16 20 45 49 51 65 66 68 69 72 79 81 82 87 91 94 95
39 48 85 87
4 6 7 12 13 14 17 26 35 36 38 39 44 46 53 55 57 63 75 76 79 81 84 89 92 95
21 32 63 89
6 32 33 39 45 48 54 60 73 84 85 87 89 91
14 32 44 50 68
19 20 21 39 41 48 55 62 66 90 91
30 38 39 57 97
4 37 44 46 48 54 69 74 83 85 88
23 71
7 12 20 24 30 32 38 42 48 65 73 75 77 81
20 39 58 59 64 70
2 5 16 20 22 23 31 47 48 62 63 64 67 72 77 78 79 86 91
10 39 48 57 96
14 31 38 39 48 49 69
48 72 78
39 41 46 47 48 61 82 83
32
38 57 87
47 64
22 31 50 68 69 82 91 94 98
7 12 23 26 30 39 44 48 53 88 91
38 39 48 99
27 30 38 39 41 43 44 88
2 17 24 29 33 38 39 41 47 61 64 69 72 75 79 82 91 92
16 39 41 48 70 75 90
11 14 32 43 57 61 66 74 86 88
26 39 44 57 65 66 69 100
0 39 48
38 71
19 39 41 44 48 55 81
12 32 38 39 41 48 63 66 74 100
2 12 13 16 24 25 26 32 36 38 39 41 43 48 52 55 56 57 58 70 78 82
6 30 33 36 38 42 43 48
39 48 53 83 93 100
20 39 46 48 96
20 33 44 63 81
30 38 39 41 48 60 82
32 39
20 24 25 26 43 46 48 61 76 91 100
3 17 48 73 77 86 91
7 9 19 30 34 39 48 63 87
18 39 48 78
28 35 38 39 41 59 71 72 76 80
11 20 23 39 48 57 71 75 77 79
21
39 40 48 57 69 92
18 39
9 10 14 17 26 28 36 47 57 60 62 63 65 70 79 81 94
18 32 68 74 96
18 28 31 32 36 38 41 50 53
1 12 21 23 31 39 46 48 64 65 66 93
42 55
1 5 15 30 47 54 58 60 72 74 83 88
1 5 6 9 14 15 24 26 28 29 34 37 38 39 41 48 50 59 65 69 70 83 84 89 90 92 93 96
2 4 9 13 28 29 31 32 39 43 48 51 60 67 100
7 38
2 7 10 18 19 23 37 39 48 60 71 83 84 89
35 53 60 61 65 89 94
39 68 95
8 21 39 41 46 48 63 71 92
5 10 27 28 39 43 48 60 84 91 92
12 18 24 31 36 38 41 43 45 67 86 87 88
7 39 47 48 60
12 19 23 27 32 33 42 48 53 64 67 74 82 91
39 41 48
13 38 39 41 42 43 45 48
6 46 48
22 97 99
10 30 33 35 38 39 42 48 52 62 73 81 88 93
2 33 77 79
1 3 4 21 22 37 38 39 41 48 52 56 67 69 76 83 85 91
4 21 22 24 39 40 41 44 48 49 56 58 60 62 63 64 67 70 71 88 89 97 98
69 87
28 32 72 82 85 86 88
5 8 13 30 32 35 39 41 46 47 48 53 64 71 82
27 39 48 70 87
2 7 10 34 41 43 44 48 51 52 58 66 67 71 73 96
37 39 48 89
38 39 58 68 100
3 9 10 14 17 18 19 20 21 24 25 28 37 39 41 42 43 46 47 52 55 59 64 66 68 72 73 74 76 77 78 79 81 82 83 84 85 95 96
4 5 15 26 37 39 48 54 55 83 86
38 39 57 69
38 39 43 48 53 61
15 39 55 74
5 38 48 52
39 95
9 10 33 39 48 49 57 84 86 87 88 92 94
1 3 5 20 22 33 45 47 50 51 53 54 58 87 91 99
7 57
10 20 36 38 41 48 55
7 39 47 48 66
11 39 67
3 39 44 49 64 65 67 68 69 90 99
8 19 30 31 38 39 41 48 59 61 89 90 92 98
7 13 32 39 41 54 63 80 85 94
20 39 48 56 57 76 84 95 98 99
13 41 89
36 39 44 55 70 78 88 99
17 62 78
1 8 39 41 48 57 69
39 45 46 48 78 87
39 45 48 49 89
21 39 45 46 71 76 79 88
2 39 77
2 5 6 15 18 25 41 45 56 58 61 62 66 78 79 95
27 38 39 51 77
8 10 17 39 41 48 49 54 63 65 69 70 79
1 2 3 9 10 16 19 26 27 32 39 41 42 47 48 49 70 73 80 90
12 36 38 39 45
23 31 39 41 42 49 57 67 73 83 99
28
17 38 39 60 61
36 38 48 60 75 83
6 39 41 48 94
2 19 28 39 48 54 56 69 70 75 80 94
28 39 60 66 97
48
4 39 41 69 99 100
2 32 57 74 91
39 62 65 69 81 83
3 39 44 48 49 85 89
2 21 22 25 26 30 39 40 41 48 52 56
3 11 12 19 25 38 39 48 49 56 65
86
48 59 72 95
37 38 41 48 66 67 68 76 89
15 39 51 83
35 38 39 46
4 5 33 39 48 88
32 37 39 95
54
23 30 39 48 66 80 88 95 98
9 15 16 19 35 63
4 18 34 35 39 41 42 48 73 81
2 9 10 17 20 23 34 38 39 43 48 60 61 65 68 70 73 77 80 85 91 98
46
39
39 48 49 77
11 26 28 39 41 76
28 39 48
4 20 31 34 39 56 62 63 88
20 33 43 57 66 86 95
20 26 27 32 35 39 41 46 48 52 59 67 95
26 39 55 66
20 36 39 41 42 44 45 58 65 74 75 82 85 91 93 94 99
24 25 39 54 56
10 12 13 14 24 31 32 33 36 38 39 41 45 48 77 78 84 93
5 7 13 18 31 36 38 39 41 46 47 59 61 81 83 84 87 89
5 8 15 22 38 40 41 48 50 51 52 54 87 98 100
38 39 41 42 51 57 67
48 90 98
17 38 39 50 76 100
38 41 48
11 17 27 28 38 39 48 86 97
2 7 16 31 39 41 42 43 46 53 56 58 62 72 78 82 84 91 93 99
2 31 39 41 48 56 60 70 72 75 82 87
10 34 36 38 39 48
2 18 20 23 24 33 37 39 42 43 48 49 52 53 55 60 68 78 96 98
1
3 5 6 8 10 17 21 22 24 39 48 56
16 39 40 48 92
34 39 41
20 27 29 58 61 80
19 23 33 38 39 41 48 54 57 65 89
5 7 11 16 23 28 30 32 41 42 45 51 52 59 62 64 65 68 72 81 83 86 91 99
14 19 39 48 57 61 76 82
3 8 9 24 26 32 38 39 45 50 70 73 94
13 17 37 39 44 48 70 74 83 89
34 39 41 45 51 56 60 62 67 70 95
4 15 39 50 53 62 92 93 96
32 36 38 39 75
30 31 38 39 41 45 47 48 51 62 70 80 81 89 91 96
2 18 19 35 49 51 55 56 58 60 72 74 76 98
7 22 23 26 27 39 68
6 8 9 21 24 27 28 38 41 48 57 60 66 67 70 76 86 89 97
8 23 32 39 41 42 45 48 54 72 74 80 88 92 97
32 39 40 41 48
11 53 78 82
2 38 49 81 93 96 98
25 39 100
32 48 72
6 11 40 67
1 32 38
14 23 25 32 37 38 39 41
3 8 29 30 31 32 41 43 48 62 64 79 91
4 17 38 39 41 54 62 75 92
2 8 19 25 36 38 39 41 42 48 57 70 72 76 84 87 99
12 52 68
30 39 41 48 75 76
2 3 4 5 10 11 12 14 15 18 19 20 25 28 29 30 40 41 42 44 45 52 55 63 64 71 74 76 77 78 79 80 82 83 84 88 90 95 99
13 26 35 36 38 39 51 56 60 63 66 80 85 91
14 24 33 39 48 67 70 73 81 82 91 96
1 13 22 33 34 39 48 51 65 67 68 70 83 89 90
19 22 35 38 39 76 89
12 39 48 63 84 89 96
39 48 54 93
35 38 60
5 38 85 100
32 39 46 47 63 68 75 84 87 88 89 92
13 14 19 25 39 41 48 58 76
20 22 39 41 42 46 48 65 80 100
4 29 32 34 39 45 48 49 57 75 76 84 90 98
38 48 53 66 84
3 35 38 41 43 47 48 60 86 87 98
18 48 53 64 99
39
4 48 57 78 80 95
1 15 19 22 29 33 38 39 41 44 48 62 63 77 82 85 89 96 98
31 37 39 42 48 59 61 64 89 93
1 28 32 35 39 41 46 47 52 56 73 76 94 95
3 5 16 22 25 26 38 39 40 44 46 48 49 60 61 62 66 68 82 84 85 89 91 98
19 26 39 81 83
22 24
7 10 14 18 37 39 48 89 99
2 5 8 11 21 32 34 41 47 48 63 65 66 69 81 93
4 10 26 65 67 72 74 77 94
17 23 39 41 53 65 68 77 84 96
34 38 55 63 69 82 89 98
23 26 37 39 46 89
39 48 58
30 87
87
27 34 38 39 41 81 96
39 43
1 7 15 22 38 39 41 45 48 57 73 84 89 94 97
32 38 39 41 72 77 78
3 21 32 39 48 61 75 89 99
9 13 30 39 48 54 56 64 70 73 78 89
5 26 76
37 51 89
13 27 29 39 40 45 55 96
29 39 48 97
4 14 24 30 32 36 37 38 39 41 48 51 60 61 63 65 67 69 70 71 72 73 77 84 89 92 95
84 95
1 3 9 18 25 27 32 33 39 41 48 49 59 73 77 83 90 93
25 28 48 83
38 39 41 45 48 63
1 12 15 48 61
6 13 16 18 34 55 59 69 81 88
21 27 41 55 67 80
25 27 30 32 39 44 48 49 68 88
39 41 48
5 39 47 48 83 89
12 21
4 28 29 33 35 36 38 51 58 64 68 91 99
8 22 32 34 39 47 58 89
22 28 32 40 57 95
39 41 87
3 20 22 33 39 48 65 76 78 82 94 96
38 51 67 70 85
12 32 39 47 78
6 32 39
26 39
19 38 39 48 55 98
6 39 69
14 28 31 39 48
8 12 21 32 48 57 62 68 76 81
32 37 39 41 51 71
33 34 37 38 41 54 69 88 89
5 28 31 52 61 97
7 9 13 35 93
3 7 11 17 18 34 37 39 40 59 66 90 95
15 32 80
39 48 72
39 41
22 48 78
22 39
30 38 49 63 93 95
62
27 67 93
4 36 39 48 53 82
8 15 39 65 72 89 98
4 37 39 43 52 61 69 77 81 83 91 95
11 12 17 25 32 39 48 49 74 94
39 48
81
50 60 61 68 82
11 22 48 89
15 36 39 40 41 44 45 48 59 61 68 70 76 81 83 92 99
32 37 69 79 97
5 7 13 29 34 36 39 48 54 63 84
38 39 65
7 10 12 32 37 38 39 41 49 62 63 86 89
31 33 36 38 74
69 77 100
2 9 24 37 38 39 47 49 58 86
1 19 21 25 34 35 37 38 39 42 52 58 73 87 89 90
18 32 41 51 92
5 8 9 19 21 36 37 38 39 52 66 69 83 89 90
13 48 56 62 77
56 58
72
42 96
98
32 51
18 39 59
38 39 99
3 27 32 36 38 39 43 45 48 63 72 74 75 82 90
12 38 39 41 48 100
39 41 49 69 73 98
79 97
32 39 85 98
26 33 37 39 43 53 63 75
9 17 18 26 31 39 42 48 53 55 59 64 67 70
39 48
23 38 41 64
8 39 41 48
2 8 12 19 22 25 26 27 32 33 34 35 43 45 46 51 54 58 60 66 75 76 77 78 79 82 85 86 88 92 94 97
39
8 13 32 39 52 56 59
25 26 41 79 90
2 4 9 10 21 26 27 28 29 39 41 45 48 56 60 62 70 79 84 100
39 48 69 90
36 39 41 45 48 65 80 82 85 96
16 17 39 41 48 55 57 67 81 100
5 6 28 31 39 41 43 84 95 96
7 11 12 16 18 31 47 48 50 75 79
15 32 48 59 60 74
2 39 48 52 88
20 39 41 81 82 87 88
6 32 55 62
38 39 67 95
22 23 25 30 38 40 51 52 60 63 66 67 70 77 81 83
2 4 8 10 12 13 18 19 21 29 32 36 37 38 39 43 46 48 49 52 53 55 60 61 63 66 70 71 72 73 78 83 86 89 90 94 95
2 6 7 8 10 13 19 23 25 26 36 41 44 48 52 57 61 62 64 75 76 78 79 85 87 94 95 96 98 100
11 15 33 39 59 80 90
22 38 39 41 48
12 38 39 41 42 48 83 88 90
6 18 23 38 39 76 82
39 48 58
39 41 53 64 65 74 91 100
12 29 38 43 46 64 68 70 87
1 65 80
23 28 39 55 58 76 78 83 93 95
19 35 50 58 72 78 89
2 17 26 32 35 39 41 43 60
15 19 22 32 38 39 44 48 53 56 69 79 86
19 38 47 48 70 84 98
24 39 41
4 13 48
32 39 77 93
31 41 48 65 77 78 79 88 92 95
24 32 35 37 39 41 48
36 38 41 80 98
1 38 39 43 46 47 57 79 80 89 93
3 22 33 38 39 41 48 75 92 97
15 20 31 34 35 39
21 38 39 53 80 86
7 39 41 48 89
16 20 77 89 92 95
9 16 25 27 37 38 39 41 48 56
5 15 38 42 78 98
39 91
48 92
1 10 11 22 23 31 33 36 38 39 40 41 42 43 44 45 50 74 76 87 92
8 46 48 52 54 55 62 77 79 83
1 6 7 9 11 14 24 32 36 37 38 41 46 48 50 61 71 72 75 87 88 89 91
12 17 32 35 43 47 70 76
1 3 11 14 19 22 39 40 45 59 60 62 67 72 76 82 88 93 94 96
15 28 38 39 41 44 48 72 76 78 83 93 95
26 30 38 39 43 48 53 61 68
1 39 50
32 36 39 47 48 77
20 39 48 53 73
16 28 38 39 46
73 84
12 15 38 39 41 48 58 59 61 68 86 88
14 19 29 34 36 39 43 60 66 71 94 99
31 39 59 92
38 41 44 48 50 69 83 89
10 12 26 38 41 46 50 69
32 35 36 38 39 41 45 66 72 76 83
10 22 31 32 39 46 48 60 87 92 97
9 27 39 65 70 72 87 98
38 41 56 71 87
22 29 34 45 53 55 69 72 80 83 90 91 100
38 67 87
39 52
38 48 65 71
38 39 41 45 48 85
4 19 24 27 39 41 48 54
26 39 67 71
6 13 16 31 39 57 65 67 70 72 87 97 99
55 65
5 23 36 37 38 39 43 54 61 65 72 73 75 79 80 90 95
13 37 38 72
60
26 32 39 70 85 89
2 11 12 13 36 38 39 41 73 99
3 7 17 21 25 32 38 69
7 14 78
7 20 38 57
4 12 18 26 32 34 38 40 44 46 48 49 69 70 72 77 82 83 90
11 39 48 54 84
13 20 31 39 41 46 48 52 90
7 11 16 22 27 34 39 40 41 42 48 52 60 68 71 84 87
38 60
1 4 20 21 30 31 36 38 39 41 48 58 65 68 70 72 80 92
1 7 18 29 39 40 48 53 71 91
39 66 96
20 26 38 39 41 48 51 59 61 62 67 75 79 89
32 53 80 100
25 39 65
8 24 36 39 54 61 84 89
16 32 48 74
41
3 79 82 86 98
4 11 37 39 47 48 61 71 89
1 3 14 24 32 39 46 50 67 83 90 100
42 93
38 88
4 7 28 35 41 47 79 82 85 89
34 79 87 100
27 39 48 51
90
1 2 23 49 50 58 61 76 77 82 84 94 100
29 39 48
7 33 36 38 39 48 64 69 81 83 84 92
9 22 38 41
9 38 39 63 78 90
82
24
5 39 49 51 93
3 39 53 66 86 95 97
8 9 25 35 39 48 50 70 75 86 89 94
23 39 48 49 55 67 82
5 18 41 48 56 79
6 10 14 15 38 39 41 49 85 88 89 98
1 5 6 17 19 24 39 43 45 51 57 62 65 68 77 83 90
16 39 55 57 64
21 24 39 41 54 56 72 83 92
39
32 39 48 67 72 75 78 83 96
22 39 48
16 20 39 48 69 75
2 27 37 38 39 41 48
5 29 32 62 65 76
24 39 41 69 76 89 100
1 3 7 13 17 18 22 25 32 36 39 41 44 48 51 59 60 66 72
5 9 32 39 48 59
26 40
5 36 38 39 41 48 63 67 83
15 34 36 38 73 91 98
11 32 39 41 48 69 80
39 65
7 21 30 31 39 41 61 65 80 83 86 95
5 10 12 17 21 28 47 48 49 72 83 84 87
15 30 36 39 79 87
21 39 55 86 88
22 49 82
5 6 7 8 9 17 19 23 24 28 29 30 31 39 40 42 46 48 49 51 58 60 63 67 68 79 84 85 88 92
2 38 50 63 78
6 8 10 11 18 22 23 34 35 38 40 48 50 53 54 58 60 77 79 84 91 94 97
47 49 58 64
15 35 38 39 40 46 59 61 74 80 84 86 98
62
39 48 50 95
39 41 82 93
39 61 90
27 35 47 72
47 75 90
32 39 68
3 24 37 38 39 48 70
36 38 39
39 41 48
2 21 38 39 48 59 86 90
39 44 48
39 48 64
7 8 9 11 13 20 22 29 30 36 38 39 41 45 46 47 48 52 56 57 58 61 65 84 86 92 97
48 80 92
6 38 48
29 39 82
19 21 27 32 38 39 41 55 57 62 75
3 11 16 21 27 31 32 38 57 60 65 77 92
23 26 27 36 38 39 53 60 63 67 99
7 9 13 16 17 18 20 22 27 30 31 32 37 38 39 41 48 49 54 55 56 60 62 64 66 68 70 79 83 86 89 90
2 12 38 39 48 92 95 98
12 15 24 29 31 39 41 48 50 59 64 65 66 77 89 97 99
2 5 17 21 23 24 28 36 39 42 47 48 51 52 56 57 58 59 61 64 65 71 84 86 88 89 97 98
13 17 30 53 56 65 76 87
39 41 48 80 89
16 39
11 22 28 31 39 41 50 65 75
12 37 47 48 61 77
39 48 54 72 73
38 39 61 85 100
2 11 19 34 41 44 67 70 76 79 82 89
55 71 74
6 21 35 42 57 96
11 23 41 42 58 81
1 38 39 76
26 32 38 39 48 67
3 10 20 24 29 42 45 46 48 60 64 85 92 97
39 44 48 65
15 22 36 37 48 65 77
13 39 48
32 38 55
30 31 39 41 48 51 63 65 70 75 87 89 94 95 99
1 20 39
23 29 93
27 29 39 65 66 80 97 98
17 27 66 97
14 24 34 43 48 96 98
4 11 12 13 14 15 27 33 40 56 61 74 77 81 88 93 99
28 32 38 39 41 48 75
39 41 48
31 39 75
7 28 42 72
5 7 11 19 27 29 32 34 38 39 41 45 48 49 51 53 61 67 68 69 74 83 86 87 98 100
21 39 41 73 76
25 27 30 39 84
16 23 26 31 32 36 38 39 40 46 47 48 55 59 69 78 80 85 87 89
3 40 66 73
37 38 39 48 54
2 7 8 28 32 36 39 41 53 55 59 79 83 89
6 22 29 30 38 50 56 71 73 75 78 79 83 85 86 87 94 96 97 98
2 3 19 22 24 32 35 43 54 57 60 64 68 69 80 82 83 93 98
4 11 15 16 20 32 38 39 44 48 51 55 67 91 94 97
4 22 36 39 41 48 58 80 96 99
1 39 48 59 60 68 73 92
36 38 39 41
14 22 34 39 66
37 38 48
39 48 70 94
39 48
8 9 32 39 41 45 65 100
32 41 44 48 50 57 60 69 85 95 96 100
87 90 100
1 5 17 18 25 40 45 48 49 52 58 75 83
36 38 43
39 40 48 49 68 71 80 81 95 98
5 11 13 17 18 25 26 28 32 34 38 49 55 65 71 77 80 85 90 92 95 99 100
39 78
25 39 41 46 87
1 8 39 50 78
13 39 41 48 89
39 48
8 14 15 21 38 39 41 48 57 60 61 79 80 81
8 9 11 13 14 15 20 21 22 23 24 28 33 38 39 50 51 52 53 60 69 70 80 81 83 84 92 97 99
39
38 39 41 48 70
16 36 38 39 48 57 61 64 66 72 81 89
20 39 44
84 97
11 16 28 29 33 34 48 70 75 85
3 13 32 34 48 78 83
29 52 54
13 44 46 48 53 55 56 63 74 82 83 87 89 98
39
16 32 38 39 48 53 70 98 100
32 39 95
56 77
14 39 61 70 100
11 27 28 29 30 33 35 49 50 55 68 75 76 80 90
9 10 32 48 75 94
8 18 25 39 44 45 48 56 86 94
9 29 37 39 50 72 79 86
9 10 26 31 38 39 41 43 47 53 69 82 84 86 91 94 95 96
4 23 84
3 4 20 33 41 48 71 77 80
25 35 38 39 41 48 93
13 24 36 38 39 41 58 63 77 79 87 89
23 39
2 8 15 26 38 40 41 42 48 81 86 89
13 26 36 38 39 41 63 69 85
39 41 48
2 5 21 23 28 37 48 55 61 82 86 91 100
5 17 18 39 44 59 61 73 88
10 37 38 39 74
35 37 38 39 41 48 82 96
32 48
7 16 99
32 38 39
6 16
3 6 7 9 12 15 30 32 34 39 41 42 45 48 49 54 57 58 60 83 96
2 24 32 39 41 58 77 79
38 56 100
5 10 14 27 33 36 37 39 41 43 45 46 47 48 50 53 74 87 89 95 100
2 5 30 32 38 39
29 41 48 54 72 91 92
20 29 36 39 41 48
5 30 35 38 42 46 55
14 16 32 38 39 48 66 80 95
26 39 48 66 73
4 16 20 39
39
41 43
39
6 9 10 14 32 40 46 48 63 66 77 78 93 95
9 15 23 24 26 29 33 38 39 40 42 58 62 72 74 82 87
20 21 23 26 33 51 94
3 20 48 60
44 53 57 78
38 39 41 44 51 55 67 90
39 41 45 48 92
4 10 29 44 53 57
13 41 45 70 85
26 36 38 48 83
39 47 57
1 13 14 15 25 39 48 67 73 84 100
39 57
23 26 41 49 96
6 15 26 33 36 38 39 44 68 74 77 82 88 92 93
18 26 51 63 78 89 91
32 48 54
18 38 39 41 51 78 80 99
2 3 7 11 13 15 23 27 30 32 35 38 39 41 45 48 53 62 63 66 67 73 74 76 78 82 83 86 87 88 89 94 95 98 99
39 42 48 49 53 97
17 20 25 39
3 9 34 38 41 83 89 93 96
5 34 39 40 53 85 86 87 91
19 24 29 32 38 39 48 55 58 88
9 16 35 37 39 48 50 52 56 65 72 84
48
6 10 36 39 48 51 53 70 93 95
39 63 79 98
7 9 25 27 30 39 41 48 57 59 61 65 86 92
1 15 21 33 39 61 65 67 71 91 100
11 14 37 38 39 48 65
37 39 41 43 48
9 40 47 49 56 58 93 96 98
4 8 25 32 35 38 39 51 75 92
21 36 38 63
16 18 32 70
13 28 40 44 47 68 77 81
9 39 43 75
36 38 39 48 54 63 65 90
3 5 9 39 46 48 49 57 68 72
33 36 38 44 48 75
38 39 48 51 54 73 79
2 10 21 32 39 46 47 48 53 60 78
13 32 39 41 72
14 19 20 39 41 56 64 78 80
23 29 32 37 38 43 97
18 31 32 44 54 56 80 88
4 22 26 27 29 32 37 39 41 44 48 61 66 80
7 11 12 14 27 33 35 43 48 50 73 75 85 91 93 97 100
39 43 54 63 81 85 98 99
18 53 91
7 21 26 31 38 39 48 51 53 61 63 67 70 73 87 91
7 19 20 35 39 48 87
2 5 15 17 20 23 31 38 39 41 45 50 65 86 87
2 9 11 15 16 17 20 39 41 45 49 50 51 71 72 74 84 85 87 88 89 93
20 39 41 53
14 20 36 38 39 41 57 66 97
10 16 18 27 30 31 32 39 48 50 55 57 59 66 71 79 88 95
2 10 20 21 22 27 28 37 39 53 56 68 71 72 74 81 85 89
1 3 7 11 24 30 35 37 43 50 57 65 67 68 70 73 82 83 90 92 94 98 99
7 11 17 35 36 38 39 41 43 46 49 53 54 76 91 96
27 38 39 48
9 12 37 39 44 48 58 88 97
12 38
5 24 40 48 73
32 39 74 80 83
5 13 41 61 65 66 78
39 48 82 93
25 31 32 37 41 48 70 81 85 87 88
10 39 51 88 94
31 39 41
3 10 25 30 32 39 42 48 55 56 72 74 81 85 88
32 67
9 19 22 24 37 39 48 54 61 63 73 74 84 99
9 28 32 39 49 71 77 89 99
15 21 24 29 30 38 39 40 41 51 58 60 61 66 77 94
32 39
10 18 34 59 69 74 86 92 99
4 8 15 24 31 38 48 67 70 82
12 17 36 39 48 52 53 66 75 80 83 86 93
32 38 66
38 39 57 89
24 48
8 39 41 48 49
48 79
10 26 29 32 38 39 81
39 42 52 78 82 92
1 8 11 13 25 26 31 32 36 38 39 40 48 53 55 63 66 70 78
23 38 44 56
34 39 40
17 40 55 69
1 12 35 39 45
31 48 71 73 96
37 48
11 32 34 39 48 51 58 70 86 89 95
3 7 8 9 23 25 35 36 39 41 50 54 55 56 57 72 76 77 80 83 87 97
9 19 28 32 41 52 56 69 74 88 95 100
4 6 8 10 11 15 18 20 22 26 27 29 32 33 35 36 39 41 48 59 62 63 64 66 74 76 77 82 92 93 94 95 96 97 100
26 27 41 48 58 62 73 78
39 48 57 68
3 27 30 39 41 47 85
4 37 39 41 97
13 23 37 39 41 54 55 56
26 60 83 97
12 27 32 39 41 48 67 69 86
14 21 32 34 55 56 77 94
2 5 24 35 40 41 48 54 55 82 94
26 48 78
23 24
9 26 32 38 48 66 69 87 90
38 39 51
9 14 25 32 35 40 45 46 57 61 64 71 75 80 96
31 39 41
4 6 23 34 39 44 58 66 78 91
3 9 35 38 48 52 90 97
18 19 38 39 50 98
12 14 35 38 39 42 45 48 61 66 81 92 95
20 21 61
5 6 8 23 27 32 35 39 46 48 50 54 58 61 62 68 73 84
2 10 24 26 32 38 39 47 48 75 94
8 20 36 40 50 81 90 99
3 16 27 28 61 64
23 36
1 11 16 22 31 32 35 37 39 41 44 46 49 55 64 65 74 83 85 91
1 26 38 39 47 66 74 76 93 96
1 15 19 21 24 39 41 44 52
13 31 38 39 48 50 57 70 75 83 96
7 41 48 86 90
32 39 48 65 70
4 38 39 48
25 39 41 48 61 93
3 21 22 24 28 30 39 43 48 70 75 76 86 90 100
39 48
13 23 25 31 38 39 40 41 45 48 52 58 60 71 72 74
32 39 46 48 49 90
11 33 39 42 54 55 56 58 66 67 75 76 77 80 85 90
5 20 32 39 48 70
8 36 39 48 69 71
4 32 79 87
8 14 38 39 75 77 81 89
39 48 63 87
39 48 69 86 91
39 69
3 4 11 17 24 47 55 68
13 27 32 33 39 48 56 65 72 76 84 85 95
25 39 41 44 50 79 88
34 38 39
1 3 8 16 25 31 35 39 41 46 48 51 54 64 71 76 77 81 91 95 97
9 26 39 48 69
2 39 56 65 99
19 39 41 48 53
37 39 49 100
14 16 29 40 48 52 57 60 61 65 80 83
27 90 92
38 41 48 55
17 27 94
22 38 39 41 94
19 20 39 48 64
39 48 59 64 76
39 67
36 38 39 69
15 32 41 86
10 39 48 62
39 48
35 41 48 64 90
25 30 37 38 39 50
83 89
49 81
0 11 13 17 34 39 48 58 61 66 71 75 77 78 83 86 90 91 99
4 11 18 40 41 48 65
11 18 38
39 41 48
59
1 2 7 22 25 26 27 29 38 39 42 47 48 51 55 60 65 77 88 91 95 100
19 38
39 48 50 61 75 100
15 22 34 35 38 39 41 48 66 98
6 7 13 19 30 39 40 47 48 60 65 77 85 95
14 20 21 27 39 68
3 15 19 32 47 70 83
26 39 41 44 46 60 67
26 32 38 39 45 47 48 52
32 39 48 49 55 74 100
31 38 39 41 48 55 73
10 23 35 39 48 59 75 79 95
21 37 38 39 50 54 55 71 72 85
36 39 41 42 48 77 87 88 90 94
7 39 61 72 78
10 18 37 41 48 64 89 95
2 23 29 33 35 39 41 48 49 56 57 65 72 77 80 81 86 92 97
15 38 39 92 98
24 39 89
2 7 8 10 16 33 36 39 43 45 48 53 65 66 69 72 73 77 97
3 4 15 26 39 40 64 76 98
1 10 26 41 50 68 83
13 26 36 39 70 96
5 9 39 41 91 96
17 39 48
1 26 32 38 39 40 78 96
11 22 46 48 53 89 98
38 39 90
16 21 32 39 50 79
59
18 48
4 8 26 29 31 32 48 87 95
4 18 28 38 39 41 65 95 100
8 9 31 38 39 47 48 51 63 95
25 32 39
31 32 38 46 48 55
7 20 26 32 33 36 38 39 41 43 45 48 49 50 55 60 67 70 89 96
63 67 71 89
68
16 30 32 38 39 41 48 51
1 8 11 16 17 19 20 21 27 29 32 36 37 38 39 45 46 48 52 54 57 59 60 65 66 72 76 78 79 81 84 91 94 95 99
27 39 56 65 88
10 47 59
3 14 30 38 39 41 64 88
3 13 19 22 31 34 48 53 69 76 91
25 38 39 48 80 95
5 33 36 44 49 56 65 75
18 59 69 100
3 12 14 21 25 26 32 41 44 45 48 53 60 83 88 97 100
12 19 36 37 39 46 67 82 99
12 23 31 32 39 60 75 78 86 88
39 41 42
2 12 23 38 58 94
2 8 12 14 21 22 26 32 39 41 42 48 64 67 72 78 79 80 85 91 97
38 41 45 48
15 23 39 48 59
35 36 43 52 55
32 39 64
15 23 29 36 41 42 51 56 66 73 98
74
31 62 64 95
25 39 49 65 69 77 92 99
3 4 25 29 39 44 45 46 51 54 67 70 76 79 80 83 89 93 99
20 63 90
1 39 48
1 10 13 17 22 23 32 38 39 44 47 48 56 75 76 77 79 81 88 90 100
5 61 84
31 38 39 43 44 48 61 72 73 78 86 88 100
6 74 77
11 15 17 21 23 32 36 38 39 40 45 48 50 59 60 70 74 82 89 90 94 96 99
21 27 29 31 39 41 48 72 85
22 32 46 51 67 79 87 90 96
36 39 52 61 67 72
10 39 41 42 48 49 53 64 80 92 94
15 27 32 38 39 41 43 48 74 79 89 97
1 23 32 33 38 39 41 51 66 100
2 7 14 17 18 23 32 44 48 51 57 58 71 76
21 39
10 23 28 30 39 48 69 77 92
36 39 71
3 23 30 35 38 39 41 44 48 49 60 63 91 97
14 39 41 99
17 19 21 36 41 60 65 95 99
3 4 5 8 9 10 12 27 32 39 40 42 47 48 56 65 68 71 74 87 88 90 97
15 16 18 19 26 27 43 44 48 55 58 60 65 67 69 87
52 57 79 88
23 30 33 38 39 44 48 59 71 86 98 100
1 5 8 21 31 37 38 43 48 51 65 75 76 82 87 92 94 96 99
39 75 92
10 13 37 40 43 48 49 54 62 70 85 96 97 99
7 8 24 31 32 39 41 42 43 53 57 71 73 83 87
6 15 32 39 42 77 95
41
25 26 38 42 56 79 89 93 96
8 9 13 16 18 30 33 36 38 46 48 56 57 64 78 84
54 61 65 76
12 14 21 31 32 35 37 41 48 51 57 86 87
10 21 29 48
4 11 14 23 28 32 34 38 39 41 42 48 49 72 74 75 87 89 97 99
63 65 76 80 91 95 97
16 69
7 11 14 15 16 21 22 24 31 35 39 44 48 49 59 63 72 75 84 93 98 99
3 6 7 12 17 36 38 43 55 67 69 75 79 91 94
16 39 48 57 61 89
28 32 39 41 45 48 82 83 95 97 100
10 31
20 32 41
27 32 38 91
11 31 32 41 72
39 41
1 2 6 14 20 28 30 34 48 58 60 62 72 74 81 87
9 10 21 23 28 30 31 33 35 40 44 48 51 52 55 56 80 86
9 14 15 30 31 40 41 43 44 48 53 65 66 69 73 83 86 87 89
18 32 37 38 64 81 91 92 95
28 48 69
4 28 32 41 48 55
15 42 56 95
30 33 39 41 46 98
7 16 76 87
15 17 39 56 62 69 72 79 91
38 82
6 15 32 33 81
2 8 16 20 39 41 48 50 59 62 64 67 77 87 95
13 22 41 48 56 67 80
14 22 25 39 41 48 59 70 77
13 25 29 35 36 37 39 44 48 54 72 79 81 85 97
5 12 21 55 65 68
5 13 20 27 33 36 39 41 45 48 73 86 87 99
15 25 35 37 39 45 66 72 76 79 85
66 81 92
4 6 7 8 10 18 19 21 27 31 33 39 41 48 52 53 54 55 60 61 65 68 71 72 73 77 88 89 93 96
6 8 15 16 17 26 32 33 39 40 41 48 59 62 63 64 66 69 72 79 87 89 91 94
9 13 18 24 32 35 39 41 48
2 9 24 48 56 64 79 80 88 90 95
7 20 58
3 31 38 39 41 48 52 60 66 67 73 99
9 21 23 31 48 49 53 77 88 90 93
2 3 40 91
7 18 20 31 39 41 43 46 48 55 72 96
10 22 37 39 40 47 48 51 52 60 62 63 65 71 80 81 83 84 100
6 36 38 39 41 68 83 97
39 66
18 32 39 48
39 40 48 100
38 65
38 41 48 59 76 93
12 24 27 42 48 49 59 65 74 88 95
7 10 17 20 26 27 29 34 36 38 39 41 48 63 77 82 88 90 92 93 99
5 19 24 39 40 48 49 57 60 67 75
3 5 17 25 32 41 43 48 63 65 91 96 97
4 6 24 43 45 48 50 51 58 59 71 84 88 93
32 48
27 39 45 93
17 22 30 38 41 45 48 55 57 58 61 70 72 73 85 92
1 9 16 26 28 29 33 38 39 44 46 48 50 55 56 64 83 99
4 30 36 38 39 41 51 95
11 20 32 38 39 41 48 97
39 47 48 62 82
39 48 82 93 98
34 74
39
3 4 5 7 9 18 25 30 33 34 37 39 45 48 59 61 77 94 95
2 26 27 31 38 39 51 60 61 73 85 87
12 39 48 55 70 78 80 93 100
5 16 22 28 38 40 46 58 69 79
20 21 29 46 48 51 52 64 84 94
2 5 9 11 12 18 21 22 25 28 31 38 39 40 41 48 51 56 57 64 83 84 85 87 93 97 99 100
28 31 50 71 87
1 4 6 32 33 38 39 41 44 58 67 74 81 94 99
2 11 28 32 39 48 60 63 69 83 84
16 24 26 38
13 18 32 38 39 41 48 91
4 5 16 24 25 38 41 50 57 66 67 74 78 81 84 89 95
10 15 39 41 45 46 48 50 52 59 76 84 88 92
37 38 39 41 81
2 24
9 20 32 33 39 45 55 59
8 19 21 29 33 39 41 48 74 83 89
12 26 31 32 34 48 54 58 76 80 82 85
17 32 38 39 41
16 39 48
15 39 48
13 39 40 46 48 60 77 93 96
7 55 71
32 41 57
12 32 39 48 53 61 68
32
1 2 3 25 27 34 36 37 39 41 48 65 68 71 85
3 5 14 26 36 38 39 47 62 72 76 77
38 41 73
9 18 39 58 77
32 37 38 39 83
8 15 17 21 33 45 50 56 61 63 66 69 81 94 95 99
34 38 39
17 26 33 38 39 65
39 48
4 7 17 20 22 43 47 48 62 66 71 82 85 87 100
36 37 38 39 48 79 88
6
8 15 32 36 38 39 41 68 69 80 92
1 5 39 71
10 39 46 47 98 99
10 11 24 36 38 39 41 53 54 64 79 83 87
2 10 39 48 56 78
20
3 32 48 60 96
6 22 32 38 39 40 41 44 48 49 64 67 95
11 39 41 48 74 88 100
1 13 41 46 48 49 55 71 95
5 10 12 29 36 38 39 83 93 95
6 10 39 44 45 48 54
32
4 39 41 48 51 52 61 77 80 85 88 93 97 99
10 18 26 39 41 42 60 65 73 76
20 28 48
9 14 23 39 41 43 48 50 76 90
15 23 39 41 48 99
2 10 16 30 37 39 41 58 61 64 70 99 100
8 18 27 48 86
12 24 33 38 39 57 98 99
2 11 38 39 41 85 92
4 10 17 25 28 36 37 38 41 48 55 68 99
11 38
42 63 75
18 33 39 60 66 96 99
5 32 34 38 39 41 48 66 69 92
39 92 95
15 32
39 46 48 96
6 33 39 41 88
2 6 39 48 49 60 63 91
26 64 84
12 21 30 39 45 48 49 63
45 52 58 75 82 91
6 7 19 21 31 41 52 59 61 67 68 74 84 88 89 90
3 5 27 32 38 39 41 43 48 57 60 79 80 83 95 96 99
19 23 38 39 43 48 52 58 60 67 68 85
5 71
48 73 89
20 46 74 92 95
8 15 21 27 29 32 38 39 41 48 53 55 65 75 76 78 84 89 93 98
39 40 41 45 78 86 94
10 16 17 19 26 28 29 32 39 41 48 51 59 70 95 99
8 18 20 23 39 45 46 48 92
31 38 39 48 56 57 87
39 41 77
87
14 28 32 39 48 54 62 67 73 87
36 39 41 48 55
21 57 60 77 78 88
20 29 59 73 91 96 98 100
1 39 48 63 99
1 4 23 25 38 39 48 54 62 69 81 82 84 90
10 16 23 33 48 60 84
39 57
17 32 39 40 48 72 81 85
2 39 66 74
36 38 39 41
1 10 17 24 28 32 38 41 45
34 39 43 48 89 95
18 37 38 39 98
2 15 38 43 45 47 60 84 91
16 17
39 54 67
38 39 45 48 55 78 85 89 96
1 38 80
9 17 18 30 32 39 41 42 44 48 51 76 77 78 88 90 94
9 14 18 19 34 39 62 69
27 33 36 38 39 41 48 60 61 86 95
31 38 39 41 42 48 50 51 57 77 79 84
16 33 56 72 78 95
6 7
2 3 4 32 35 36 38 39 41 51 57 63 72 74 78 82 93
66 92
1 21 36 38 40 45 79 98
5 36 38 39 59 78
5 39 40 48 62 65 83 94
12 15 26 28 66 73 77 84 94
16 33 39 41 48 55 56 60 69 73 77 82 93 99
19 67
28 41 74 78
1 39 41 48 52 83 89
9 41 52
48 53
7 41 45 93
27 34 39 49 61 72 77
1 7 8 9 13 37 39 41 48 50 51 52 60 62 64 67 69 74 76 79 80 91 94 99
10 25 31 37 38 42 43 46 48 53 59 68 74 76 100
8 65 72
1 13 26 32 48 58 59 61 83 86 100
6 8 26 39 48 64 67 77 80 81 96
9 14 25 29 32 39 41 42 48 49 65 71 85 87 88 91
13 28 36 38 39 73 80 85 89
38 39 81
99
4 21 47 53
26 52 88
32 39 48
6 12 24 33 36 38 43 48 85
37 38 57
20 39 41
43 47 49 51 82 93 98
21 38 39 41 44 55 66 96 99
6 14 38 39 41 48
1 6 77
26 39
11 13 32 39 41 50 65 78
5 37 38 64
39 48
39
13 15 39 48 57 72 73 74 90 91 92
28 38 42 65 81 83
4 8 13 24 25 36 40 67 69 76 98 100
17 20 23 29 37 38 48 60 63 77 93 95
83
93
15 39 48 61 64 66 92
8 15 38 39 42 44 54 62 63
19 59 63 90
9 13 16 24 29 36 39 41 44 50 53 54 60 61 86 90 95 96 98
11 53 55 77
15 45
8 27 34 38 39 48 49 61 66 75 76 82
1 7 8 27 31 32 37 38 39 48 70 72 73 84 94 96 100
39 41 89
15 31 39 44
1 3 12 15 17 20 24 25 26 29 31 41 42 43 48 52 54 57 62 69 78
12 15 17 24 33 36 48 50 65 78
6 32 41 44 48 74
6 9 11 13 14 15 18 20 24 28 30 35 47 48 50 55 58 61 66 78 82 89 93 94
41 47 65
34 56 66
9 31 36 38 47 48 53 79 85 89 94
4 12 13 17 21 26 32 38 39 48 51 53 57 78 86 98
1 3 6 7 13 14 23 26 30 37 40 41 42 48 53 58 59 61 63 68 70 72 78 79 80 85 86 87 90 91 97 99
39 82 99
2 12 13 24 53 63 65 68 77 88 92 99
3 10 19 23 24 38 39 41 48 52 58 97 100
10 28 30 41 42 54
4 5 13 39 41 45 55 58 75 86 91 93
9 19 28 30 38 39 49 81 85 99
22 25 38 65 75
6 7 10 15 22 23 32 38 39 41 45 66 95
5 41 54 65 67 75 79
39 66 86
2 18 27 39 43 88
32 48
39 40 41 60 98
39 41 49 50 72
16 25 38 39 41
6 15 23 28 32 36 48 79 87 94 98
1 2 9 17 21 22 39 41 42 45 47 52 54 61 64 65 68 69 74 84 92 99
44 66 71 78
11 21 32 38 39 60 71 85
39 48 57 64
25 38 41 56 88
14 55
39 53 68 74
5 22 27 32 38 39 45 48 65 66 67 72 75
1 3 4 8 9 17 31 38 39 47 48 50 58 59 60 61 65 73 74 75 76 77 78 82 85 89 98 100
7 49 53 58 59 75 83 86
10 18 22 28 37 48 49 51 53 74 75 78 85 90 100
8 10 25 29 31 32 38 39 41 43 47 48 50 51 52 53 54 56 57 59 60 62 71 81 83 85 94 97
25 31 33 36 43 45 52 53 57 58 60 65 70 71 73 75 76 79 84 94 100
1 17 23 38 39 48 82
5 12 37 39 41 48 81 89 93 98
32 40 46 48 50 53 55 63 79 82 91 93
13 28 48 49 71 74
1 4 10 13 15 19 23 25 37 41 43 45 48 51 57 58 61 63 65 67 68 71 78 83 87 95
56 76
48 74 91 94
5 19 23 36 39 48 49 71 86 89 95
10 11 13 23 32 38 41 46 47 75 85 90 92
1 28 39 40 60 61 69 94
24 29 37 39 48 49 55 65 83 96 97
27 36 46 60 99
32 34 36 45 48 62 95
63
39
4 16 32 35 50 60 67
9 32 68 80 87 95
10 39 40 41 43 44 91
8 11 32 38 39 41
3 4 8 9 22 28 30 37 38 39 43 44 51 55 59 62 68 70 71 73 89
39 66 80
4 28 38 39 47 48 52 58 84 85 89
39 41 90 94
37 39 41
9 41 48 70
6 39 44 56
13 14 26 39 41 44 48 54 84
39 43 48 62 66 95
4 25 32 33 48 50 60 83 94
16 32 33 38 39 63 85
31 41 42 51
34 64 81 83 89
1 8 14 16 19 23 25 32 35 65 74 77 79 80 83 88 99
38 39 41 57 65 68 80
25 32 39 41 48 68 79
38 39 41 42 48 49 65
22 39 41 48
2 7 21 28 32 36 42 44 48 69 71 88 95 97
1 4 26 34 37 39 49 52 71 76 85 88
24 32 55 64 68 83
6 35 39 49 58 72
27 48 60 72 88 91 99
11 14 17 38 58 65 83 89
21 33 36 38 39 48 53 79
29 39 48 63 65 78 85
38 39 41 47 48 59 87 97
3 6 11 13 21 26 35 36 39 40 41 42 64 65 69 72 79 85 91 92 100
12 17 23 38 39 40 41 45 58 73 77 97
34 76
4 6 14 27 65 82 87
39 41 66 83
13 39 48 60 67 93
5 8 38 39 41 48 49 79 89 91 94 100
30 41 48 50 67 88 90
2 4 5 30 48 52 56 68 71 72 99
44 58 81
6 39
18 19 22 39 41 43 47
35 39 40 41 64 97
39 66 81 82
48
5 6 21 24 26 28 30 47 58 71
19 39 48 58 78 89
38 40 56 66 82
8 38 39 43 44 53 61 77 81 85 89
6 39 48 57 66 77 78 92
4 9 11 19 33 37 38 40 48 61 66 75
39 41 48 75
0 1 6 9 17 18 21 40 42 45 48 53 57 58 68 78 84 85 86
6 14 23 33 38 54 62 66 72 80 100
12 39 41 48 77 94
3 14 34 35 36 39 41 48 60 65 78 89
31 45 48 53 82 100
3 39 48
11 14 17 26 32 35 38 39 41 43 44 47 48 58 61 66 70 75 82 88 89 90 93 97
39 69
17 28 30 36 38 39 43 48 49 54 58 63 68 75 81 89 91
2 9 32 37 39 48 95
6 24 27 39 48 66 67 69 82 86 88 95
6 11 15 27 38 64 87 89
32 48 65 83 87 88
22 23 39 41 48 66 94 95
21 23 25 32 39 41 43 45 51 81 84 88 89 94 100
89
57 90 93
71
19 44 74 89
45 51 68
38 39 41 47 48 75 94
26 32 36 37 38 39 71
13 21 29 39 48 51 75 82 95
3 12 39 48
4 9 11 21 32 34 37 39 41 48 56 58 62 67 72 81 84 92 95 99
36 39 55
34 38 39 48 64 70
3 39 48 92
21 52 61
19 39 41 47 48 66 68 86 92 97 98
4 8 20 35 45 48 50 64 81
9 95 97 100
8 23 38 39 44 53 56 66 68 75 78 89
35 94
76
44 47 58 86
26 27 31 38 39 41 48 60 72 96
7 10 11 20 33 37 42 60 74 100
11 39 41 45 46 94
22 38 95 97
2 16 21 29
30 47 48 89
7 12 20 38 39 40 55 80 83
36 38
25 33 39 44 48 72 83
6 17 30 39 41 45 50 59 60 64 71 72 86 88 89 97
32 38 61
39 40 56
13 28 39 65 71 72 86
39 41 63 64 67 86 99
32 35 39 41 48 52 62 70 78
9 32 54 80
62 65 89
9 13 24 30 32 33 34 36 38 39 40 41 48 53 60 68 71 99
6 11 12 18 19 21 25 32 33 35 43 59 75 83 95 98 99
32 38 39 41 46 83 97
15 26 30
2 6 11 20 47 48 71 74 92 94 98
18 23 27 31 39 48 56 62 72 84 94 97 100
95
4 14 15 23 24 32 38 57 77 85 96
13 33 38 39 41 45 46 48 52 69 70 71 77 81 82 86 87 96 97
55
13 19 32 38 39 48 85
10 32
13 16 18 32 34 39 48 67 70 71 77 79 89
3 4 16 17 20 22 24 29 30 32 39 48 49 52 53 55 65 72 78 83 92 96
9 32 39 52 61 95
3 13 16 18 38 39 48 80 100
20 43 53 74 100
85 92
12 17 38 39 43 48 89 90
3 9 12 19 20 37 38 39 41 48 53 57 65 66 69 70 82 87 89 92 93 96
4 5 12 14 16 18 25 32 34 36 38 39 41 48 49 58 59 60 65 67 70 72 73 78 80 93 94
10 33 35 45 65 90 92 94 95 97 99
4 20 23 38 39 49 58 67 70 71 75
1 11 23 38 39 41 45 48 70 75 84
18 25 38 39 48 49 55 62 70 71 79 84 94
9 20 39 41 48 53 55 64 73 80 89 93 99
28 38 51 55 83 89 96
39 56
20 38 39 53 60 91 95 98
8 31 39 75 83
15 39 48 50 60 74
2 7 15 19 24 31 38 39 40 43 49 50 68 75 81 82 90
37 39 44 56 57 79 90 91
8 19 43 54 58 73 75 83 97
12 45 72 89 94
5 17 20 32 39 41 42 47 48 52 53 64 70 74 75 80 84 89 91
3 4 5 7 32 41 45 62 73 74 84 94
3 4 14 21 23 32 38 39 44 48 50 52 60 62 66 83 85
14 18 19 29 35 38 39 48 55 79 83 97 100
32 39 74
39 41 48 51 60 76 83 92
14 32 48 52 67
10 32 34 38 67 93 98 99
5 6 11 13 15 17 18 32 38 41 43 47 48 53 57 72 82 94 95 98
3 35 39 40 44 56 57 62 72 76 95 96
23 29 41 45 48 72 73 75 79 85 88
1 3 11 40 70 81 83 85 94
11 13 32 34 38 39 45 48 65 93
8 31 39 43 48
8 17 20 27 28 35 37 44 48 59 69 72 80 85 92 98
1 6 19 32 55 62 74 75
9 12 16 18 19 39 41 48 52 80 89
2 3 10 21 27 37 38 39 41 45 52 62 66 70 74 79 84 88
1
7 17 24 33 39 41 45 65 70 72 78 87 94 97
2 3 4 18 23 33 36 37 39 41 46 48 49 56 59 60 67 90 94 98
14 27 34 65
4 8 32 39 47 70 94
11 14 34 39 50 54 67 83 98 99
27 38 39 50 59 64 78
7 16 32 47 48 69 82
84 89
15 18 25 39 48 49 53 60 69 73 76 84 92 96
7 9 14 31 43 44 53 60 62 63 67 69 74 80 84 85 87 96
5 7 16 30 36 38 46 48 53 54 58 60 67 73
1 32 47 48 50 54 60 63 85 93
3 40 53 71 97
8 16 18 42 68 70
20 33 37 41 48 57 62 69 70 81 93 99
2 9 39 48 54 66 69
35 37 38 39 48 50 71 75 78
1 2 11 13 24 25 27 28 32 39 42 43 45 47 48 58 60 62 63 64 65 67 77 86 87 91 92 93
1 17 26 39 48 49 50 60 82 98
4 39 53 92
1 5 7 19 28 32 39 42 48 55 72 77 79 81 85 89
19 26 66 81
12 39 48 49 65 84 95
26 32 35 39 48 66 76
73 88
5 12 21 48 50 72 87
2 8 9 14 16 18 20 22 25 30 32 33 35 37 39 48 50 53 54 57 66 74 78 83 89 90 93 94 95 100
11 18 21 24 25 28 36 72 81 93
18 19 20 23 29 30 39 41 48 96
4 12 14 15 16 18 20 21 26 35 37 39 44 45 47 48 54 57 66 75 78 81 93 94 95 99
3 38
11 17 28 35 39 41 48 52 79 94 99
3 6 8 12 28 31 48 60 72
17 25 39 73
7 23 25 29 30 48 50 65 69 74 87 94 95 96
1 2 38 77 88 93 99
11 16 20 23 31 35 36 41 44 46 53 56 58 59 65 68 71 72 74 84 92
10 14 95
32 39 61 86 94 98
13 27 30 33 39 48 57 60 70 88 92
24 39 91
17 19 35 45 47 51 59 60 70 79 87 90
11 42 56 63 68 89 96 97
32 38 39 41 64
29 37 58 61 67 81 89 96
17 36 53 77 81 96 98
22 32 39 48 72
46 76
37 83
3 4 5 8 19 26 31 41 42 43 48 59 70 71 80 82 84 85 89 92 95 97
32 48 52 77 83
8 11 19 39 41 47 48 65 83 91
2 5 11 14 17 18 20 27 32 35 36 37 38 44 54 55 66 67 68 69 79 81 83 91
6 16 17 22 39 41 48 49 54 60 61 70 76 77 84 98
15 30 32 39 41 48 50 51 54 56 85 87 95 98 100
2 4 7 39 41 42 48 53 64 67 72 80 81 83 94
38 39 41 74 99
4 24 31 33 36 38 44 46 48 50 56 61 68 71 75 76 77 80 86 88
3 7 40 45 48 50 55 60 67 69 76 84
27 39 40 41 48 50 60 63 67
17 28 30 32 40 48 50 54 60 62 63 66 72 73
17 30 34 53 60 63 80 81 98
6 39 53
39 41 48 57 65 69 70 99
5 8 11 15 20 28 29 33 35 39 41 42 48 50 54 55 58 61 68 69 70 76 89 90 91 98 100
1 2 10 14 15 26 27 32 36 38 39 41 48 53 55 67 79 81
32 48
53
29 39 81
2 38
4 5 14 16 31 34 35 39 41 48 59 60 62 73 74 96
71 88
34 39 50
39 40 41 50 58 60 70 91 93
20 21 29 33 51 61 64 67 77
3 29 39 41 48 70
2 46 54 66 77 89 96
7 21 24 35 41 51 67 74 75 77 82 83 90 94 100
53 57
8 19 48 91
13 48 70 83 100
17 39 45 48 54 65 79 83 99
3 5 11 14 32 35 36 39 48 50 53 55 63 66 73 86 88 90 93 97
15 30 39 68 86 99
2 5 7 9 21 23 31 39 48 53 57 63 71 78 86 89 91 97 99 100
37 38 39 86
28 38 48 55 59 97
3 66 71 100
38 82 88
4 11 37 39 41 46 73 85 92 96 98
10 13 25 39 50 52 55
11 32
9 14 30 40 43 63 64 74 76 88 94
46 47 48 64 67 68 70 75 99
32 38 40 51 61 69 73 88
20 31 32 41 44 58 72 76 78 89 100
1 6 7 10 31 38 39 41 55
6 31 34 43 48 64 65 67 68 69 79 80 89
12 29 58
32 39 50
10 28 32 39 42 48 86 97
39 41 48 85
48 79
5 13 18 31 33 39 41 52
1 3 5 15 22 38 39 52 54 77 85 95
8 16 19 33 45 51 64 88 94 98
39 55 60 78 85 90 100
2 22 30 32 39 41 81 90
4 5 25 32 34 39 43 48 49 51 59
4 25 39
6 10 18 20 22 32 46 60 76 78 80 81 82 87 90 91
3 48 95
4 18 36 38 39 46 51 75 89
39 48 68
10 38 41 48 61 62 87 91
2 22 38 46 60 81 84
13 36
24 38 41 47 48 76 78 86 91
1 8 11 18 36 37 38 40 41 55 56 67 87 94 96
2 13 19 39 41 45 48 58 60 65 66 69 70 73 74 99
18 22 27 31 33 49 80 81
28 39 48 86
9 13 17 20 27 32 33 37 39 41 47 48 50 51 53 58 66 67 69 81 83 84 87 97
6 11 29 32 39 44 45 50 70 77 79 80 81 82 96
7 85 91
4 16 26 27 28 29 39 42 44 48 51 53 58 70 87 93
1 63
9 13 16 35 38 39 41 48 49 81 84
32 75 94
9 15 33 34 41 48 86 89 91 93 94 98
4 32 39 41 48 51 78 97
39 48
7 34 36 38 40 58 61 64 70 71 72 75 76 77 79 80 81 84 88 93 94
32 38 41 48 60 67
4 31 39 46 60 64 70 90
11 32 35 38 39 41 45 48 56 64 65 79
14 15 16 19 20 24 25 26 29 36 39 43 45 47 48 54 59 61 85 89 92 93 95 97
13 19 38 39 41 48 58 60 71 97
2 14 16 30 39 48 52 55 79 84 94
2 39 40 46 66
23 63 96 97
22 47 48 49 52
15 16 42 48 51 65 68 69
0 3 5 13 15 19 21 32 37 39 41 48 54 56 62 65 70 74 82 84 86 90 98 99 100
2 4 9 10 17 32 33 61 63 66 67 70 71 73 94
3 17 30 39 60 64 89
3 6 11 21 24 26 46 48 60 65 69 74 75 80 84 91 93 97 100
22 36 39 50 51 66 67 91
6 31 39 48 68 79
17 26 39 41 54 65 89 92
1 8 15 19 31 32 33 38 40 48 60 66 68 71 73 76 77 86 89 94
3 32 38 45 48 54 61 78
34 36 39 61 72 75 84
7 18 20 27 32 34 39 43 49 50 55 61 64 66 69 75 95
16 36 38 45 65
39 48 60 92
3 6 19 28 30 38 45 47 58 68 70 79 86 89 98
2 7 9 17 21 30 33 41 45 46 48 49 55 95
7 31 33 39 59 62 66 88 91 94 99
1 36 59 92 100
46 48 55 94 95
1 21 27 48 58 62 65 72 77 78 79 95
2 39 44 48 69 82 89 92
2 3 32 35 38 39 43 45 48 49 53 54 57 62 65 72
3 15 18 38 39 41 48 55 56 60 69 78 86 87 90 94
22 35 50 53
10 39 41 55 60 78 81 83
18 39 42 51 52 58 64 76 94
27 39 48 50 59 68
9 20 72 92
8 22 32 44 49 71 94
32
4 24 35 38 39 41 43 53 80 84 98
8 36 38 42 45 57 69 75 87
12 29 33 48 66
8 48
32 36 38 48 56 63 65 81 83 87
3 4 5 6 18 19 32 33 34 39 41 42 47 53 55 56 61 62 65 66 67 74 75 76 79
14 19 38 39 41 52 58 79 89
27 28 35 41 48 56 66 72 74 78 82 95
39 48
1 3 6 10 38 39 48 52 90
2 10 11 27 39 48 63 66 89
2 3 4 6 7 10 16 17 28 29 31 32 35 39 41 44 48 49 52 57 59 61 70 76 78 91 94 96 97
9 19 26 29 39 41
34 36 39 60 68 86 92
11 16 39 51 56 67 72 76 99 100
10 41 56 73 74 97
14 22 29 31 33 39 42 49 58 66 81
5 18 21 25 38 41 43 56 61 68
1 5 13 17 33 41 50 60 62 66 67 74 83 95 96
39 41
4 26 32 34 39 49 55 85
6 32 37 39 48 74
23 39 58 72
16 23 31 41 61 69 70 75 96
5 12 13 15 17 20 23 24 29 30 31 32 33 35 36 39 40 41 43 46 48 50 58 59 61 67 69 72 76 82 85 88 90 94 97 100
12 39 40 48
39 41 42 72 91 96
1 5 6 7 26 35 39 46 48 56 59 60 67 72 80 88 95 100
19 39 88
3 32 36 48 71
10 48 63
4 11 13 16 22 28 37 41 43 49 54 58 65 66 75 82 85 88 95 98 99
48 58 65 90 99
18 32 33 37 38 41 43 53 58 65 74 88
1 12 13 28 32 34 40 42 52 54 55 67 68 82 92
15 32 38 39 41 42 55 69 74 84 94
2 3 10 32 39 41 49 51 60 61 66 74 86
2 11 20 39 48 78 99
9 15 32 41 45 63 97
4 9 15 16 30 31 34 48 60 84 93 100
4 28 38 39 41 53 64
10 11 18 23 24 39 46 48 54 68 69 81 85 93
38 41 59 91
14 15 36 38 39 41 61
39 41 51 66 71 76
2 4 19 21 23 33 36 38 39 48 49 63 68 70 75 83 97
1 3 4 5 7 24 26 27 30 35 38 39 41 45 48 57 58 65 66 67 68 69 79 82 89 91
24 34 37 39 74
32 46 48
6 30 49 72 89
13 27 39 92
13 26 54
23 36 39
3 9 31 39 48 76 77 84 98
17 21 32 48 60 66 67 75 91 99
11 15 29 30 39 41 44 47 48 60 64 65 69 74 87 89 91 96 97 98 99
31 38 39 47 48 74
6 24 27 39 48 65 81 88 98 100
15 35 39 41 48 66 86 99
3 33 56 60 70 78
4 9 10 39 48 55 60 85 90 94 96
29 35 60 71 99
37 70
2 4 7 30 38 39 49 52 57 70 71 84
2 7 11 15 19 28 30 36 37 38 39 41 47 50 57 75 81 84 94 95 100
32 38 78
12 20 24 31 34 35 36 37 38 39 41 47 50 52 60 68 74 75
29 30 38 48 71 83
48
22 41 48
9 39 40 81 82
21 35 39 62 66 84
39 48 49
20 27 33 37 50 56 63 64 72 100
11 19 37 48 51 77 98
13 15 27 36 39 59 60 87
12 16 26 32 34 39 46 55 62 67 70 77 78 91 95
5 24 30 32 39 41 91 98
4 5 17 22 27 32 37 39 40 41 43 46 48 51 56 60 63 65 73 76 79 85 90 92 94 96 97 99
32 39 48
32 39 68
11 14 24 29 32 33 35 36 38 40 42 48 50 59 60 64 70 75 77 78 79 80 95
29 38 47 72 73 75 79 81 91
1 17 27 39 44 48 49 51 65 69 94 96
6 15 39 40 88 90
16 17 33 35 39 46 57 65 66 67 71 79 87 94
9 17 34 39 43 45 62 75 79 83
25 27 35 39 48 57 75
33 38 42 81
3 7 8 32 38 39 48 56 59 62 83 84 85 89 96 100
3 23 28 34 39 46 47 48 51 54 87 94
39 41 48 52 65
1 9 12 32 38 39 65 69 84 98
19 22 28 32 33 38 39 41 43 45 48 50 65 76 89 98 100
5 16 32 35 37 39 48 77 78 79 81
10 32 38 39 74
12 28 30 37 41 47 54 80 82
6 9 10 38 39 43 49 85 98
39 47 64 88
22 39 48 72 81
24 39 51 63 94
14 32 39 51
1 10 32 39 41 48 53 58 72 75 91 98
10 32 39 48 51 81 98
27 33 41 42 54 57 60 66 95
38 39 41 45
28 38 39 41 48 72 82
11 39 43 45 63 64 68 85
1 18 38 39 44 57 58 80 84
10 24 49
50 55 83
39 88
6 19 58 63 71 73 82 83 86 88
14 22 55 74
4 48 87
4 8 31 36 61 68 77 90 93 95
32
10 11 29 39 46 48 51 92
5 67 76 83 89
11 12 19 21 39 41 48 58 63 73 74 85 91
8 16 27 29 54 59 68 80 87 89
39 41 48 83 91 93
73 91
2 6 24 28 31 38 39 45 48 64 71 98
11 23 46 48 54 72 81 89 95
5 37 39 50 60 63 67 71 83 92
9 11 14 34 40 41 52 63 66 70 78 97
11 14 16 22 28 32 36 38 39 41 47 48 52 61 65 67 76 80 82
36 38 39 44 48 72
15 19 21 22 39 43 58 60 71 92 95
5 36 38 39 41 96
19 32 38 39 57 59 68 90
9 13 17 19 32 48 60 61 70 75 81 88 89 97
13 21 32 37 42 51 59 60 66 75 76 78 94
24 73
3 12 16 24 29 44 45 46 62 63 96
38 95
22 58 86
14 18 21 24 41 74
48 83 96
32 39 42 80 81 85 98
36 69 96
4 26 31 33 39 40 41 50 52 58 66 85 86
9 13 14 15 21 27 30 35 39 43 44 46 48 60 63 68 77 82 98
10 24 33 39 48 51 70 85
39 48
3 9 13 22 34 39 48 66 77
7 22 30
1 2 10 21 23 26 31 32 41 42 44 45 46 70 83 84 85 88 92
11 48 80
19 30 42 60 90
7 16 32 34 40 41 48 70 72 73 76 77 85 93 100
1 6 7 13 16 17 18 21 39 43 49 50 60 61 62 64 68 79
32 34 35 39 44 48 56 82
26 52
30 48 52
32 48 53 56 69
39 59 60 93
20 32 39
9 24 29 39 62 63 68
15 16 41 42 55 57 59 63 66 83 89 92 95 97
7 32 34 39 48 65 89
8 39 48 50 83 92
7 16 23 29 33 39 59 73 87 88 96
34 37 39 48 62 67 80 84 86 92
20 39 74 75 89
4 39 48 78 86 88 97
24 48 71 94
2 4 6 7 8 11 19 22 24 25 30 34 36 39 40 48 50 52 54 55 56 57 58 61 64 67 68 71 72 76 78 80 95 97 99
39 41 48 94
5 11 12 13 15 30 33 34 38 39 48 55 60 61 66 89 90 92
6 8 15 28 31 32 39 40 48 62 65 66 73 78 83 97 99
3 13 19 38 39 41 47 69 71 79 85 96
2 5 7 18 26 32 36 38 45 51 56 61 63 66 71 81 89 92
5 14 34 39 40 48 52 56 81 89 96 98
52 57 59 83 100
38 39 41 48 56 63 82 83
3 24 27 32 37 39 48 60 65 68 69 74 80 83 95 96
13 39 48 60 71 95
7 39 48 73 75
6 38 39 41 44 48 75 77 78 85
23 38 39 41 48 71 77 88
22 35 39 41 48 53 58 60 76 93 94
0 8 11 13 15 19 20 32 36 48 50 51 63 71 76 77 78 82 88 89 92 93 98 99
4 6 16 17 22 24 25 26 31 39 40 41 48 52 57 69 70 72 74 83 94
0 8 32 46 60 75 78 87
5 14 39 68
36 38 39 41 79
7 21 22 26 39 41 48 49 52 53 80 89 95 98
12 39 41 44 48 55
19 27 37 48 50 60 67 71 89
4 37 38
6 15 23 24 38 39 48 65 71 88 89 95
20 25 26 34 35 48 51
3 7 9 11 23 24 37 39 55 64 76 77 83 84 87 88 92 97
39 41 83
1 2 7 8 16 24 29 35 41 48 51 63 64 65 69 71 72 99
4 5 13 29 31 39 44 66 70 74
8 33 36 39 49 52 55 64 80 81 89 94 97
30 41 48 64 79 87
5 20 25 39 85 87 100
1 41 48 77
14 15 26 32 37 61 65 73 82 87
12 18 51 58 60 62 66 68 88 93
1 4 10 19 32 48 55 57 59 83
48 59
6 22 31 35 45 48 52 53 57 58 60 71 73 79 83 91 98 99
4 9 14 20 24 25 39 48 49 55 60 62 65 100
6 18 25 29 33 38 39 41 43 48 50 52 61 72 76 87 94
1 12 27 38 40 47 48 57 60 68 71
6 39 48 54 85 89 91
38 39 41 43 46 60 62 69 80 90 94 100
6 10 22 57 65 66 82 88
1 4 6 11 12 13 17 21 24 27 33 34 35 36 37 39 40 41 47 48 49 53 60 65 68 69 70 73 77 85 86 89 90 91 95 96
15 16 18 23 33 39 41 45 60 65 69 80 84 87 88 90 91 95 96 100
5 9 29 30 32 39 46 48 49 79 97 100
4 10 39 40 48 52
31 39 41 75 78 80 87 98
42 65
1 8 51 72 76 82 88
14 17 26 31 37 38 39 44 53 63 90 93 96 100
2 3 5 13 14 21 32 41 43 46 48 64 65 77 85 97
37 72
18 26 27 28 31 32 35 37 39 46 48 51 53 59 60 63 64 65 70 84
31 37 48 59 66 72 74 84
16 24 39 40 41 52 73 97
11 39 48 54 58 62 65 73 82 85 94
4 6 12 14 41 52 77 81
7 26 31 40 43 47 49 73 81 83 84 90
39 48 51 96
23 39 41
11 14 31 33 42 60 62 71 73 87 89 90
36 38 46 48 82
7 15 17 27 31 39 41 48 49 65 77 79 90 96 98 100
12 25 27 28 32 38 41 52 58 68 73 75 83
32 39 48
12 14 17 18 32 38 39 48 51 54 60 61 71 80 95 98
7 15 31 38 40 48 86 90 97
14 48 73 74 83 84 91 93 97
44 45 83
12 39 58 72 89
4 6 16 23 28 39 50 51 61 65 69 73 75 89 100
1 6 22 38 39 40 41 48 73 77 82
10 39 48 57 82
5 27 38 39 40 41 43 45 47 77 86 88
10 22 37 39 45 48 53 59 64 81 83 89
9 23 24 27 30 32 37 38 39 40 41 48 54 59 65 66 69 70 74 80 90 91 93 98 99 100
75 88
2 17 32 53 93
39 94
39 93
2 6 7 13 17 21 23 26 41 43 44 48 49 50 56 57 59 66 80 81 82 86 90 91 95 98 99 100
10 11 13 14 34 39 40 53 59 65 68 72 74 75 82 91 94 97
2 48 65 86
8 39 60 80 98
2 10 19 31 63 77 87 94
39 41
2 19 24 26 28 39 41 48 61 64 65 70 88 96
31 33 39 66 95
16 37 39 40 48 89
12 23 30 39 48 64 67 75
1 11 22 30 38 39 53 62 97
5 13 21 33 88
1 2 13 14 20 23 25 26 29 38 39 44 45 47 48 53 54 56 58 62 64 74 75 76 78 79 82 83 86 87 90 91
11 15 35 36 39 48 60 99
4 16 27 32 39 66
1 11 16 18 28 32 33 36 38 39 40 50 54 57 59 61 62 63 65 69 71 73 83 89 98
2 19 28 32 39 48 49 51 53 63 68 96 98 99
2 5 20 24 27 34 41 48 50 53 54 59 79 86 87 90 95
3 28 47 67
39
6 20 31 39 49 51 53 56 71 91
2 14 26 35 70 84 90 93
30 39 48 81
39 45 48
20 21 48 63
39 41 45 48 61 68 84
22 39 48
32 41 48 78 84 87 91
1 4 10 15 22 27 28 39 44 45 48 49 52 53 58 60 61 63 71 73 82 86 88 93 96
14 19 25 26 39 59 73 76 90 96
12 29 39 48 95
39 40 42 48
4 15 16 20 21 23 33 39 41 44 48 50 53 55 60 61 71 72 76 77 81 87 88 89
11 20 24 38 41 48 49
46 48 52 69 83 92
27 39 45 48 49 75 94
5 58
16 22 39 41 48 60 93
14 22 32 39 43 69 98
5 7 8 13 14 15 24 25 26 27 30 33 36 45 47 49 51 52 58 64 66 71 73 74 76 80 86 87 92
39 68
1 3 6 20 24 32 38 39 47 48 53 65 67 68 69
9 11 12 20 26 31 34 38 41 48 60 69 79 89
7 32 47 48 55 60 68 85
3 14 27 33 38 41 48 70 80
6 14 26 27 31 32 34 39 44 48 49 50 64 66 73 83 85 94
1 2 5 7 15 31 32 37 52 55 63 82 83 88 89
3 4 7 10 15 19 27 29 32 33 34 36 37 38 39 41 43 46 47 48 49 51 53 55 57 58 59 60 63 65 66 67 68 69 70 71 72 74 75 81 82 84 89 90 91 92 94 98 99 100
10 12 16 20 29 39 45 51 62 65 74 78 82 89 92 96
31
3 5 7 10 13 15 18 19 33 35 36 39 42 44 56 60 76 77 81 92 94 95 97
3 8 21 39 41 55 69 91 92 93
9 14 43 45 48 68 71 84 96
8 18 29 41 43 61 65
8 48 60 65 89
7 11 35 42 63
36 39 46 48 56 61
5 31 73 75 79 85 92
32 36 38 39
28 32 39 69
9 15 16 39 41 48 54 67 90
15 30 32 36 38 39 41 43 48 67 90 99
10 23 32 33 39 48 56 58 61 68 69 72 82 90 94 96
16 19 26 31 46 48 53 59
4 8 9 10 11 14 22 25 26 35 41 49 54 55 60 61 64 70 72 73 81 83 84 86 87 90 96 98
3 33 41 42 71 80
5 22 27 41 44 46 52 58 63 81 88
3 21 39 48 51 64 69 89
6 17 37 39 60 63 78
1 7 8 15 19 29 30 39 48 51 53 60 62 65 67 68 70 79 85 89 92 93 94 96
23 32 33 41 48 51 76 79 90 93 96
2 4 6 18 24 39 42 64 85 89
36 41 99
1 23 39
39 51 96
28 39 45 63 79 95
7 26 32 35 40 66 67 71 76 78 82 88 95
26 34 44 46 48 50 68 92
6 12 24 27 28 31 33 41 44 48 51 57 64 66 72 73 75
6 25 31
3 4 6 12 18 22 24 28 29 31 32 35 38 39 43 46 48 49 50 51 55 60 61 65 67 71 72 73 87 92 94 98
2 3 8 9 11 21 23 24 29 36 39 44 48 52 55 57 59 60 72 88 90 92 93 96
2 7 53 60 78 91
29 39 47 58 74 78 81 99
1 3 4 5 12 14 17 32 36 37 39 41 42 48 49 51 56 60 61 70 71 84 93
39 48 49 57
76 90
27 98 100
15 25 42 49 50 51 65 72 75 93 100
17 27 32 40 42 46 48 50 66 68 78 97
5 24 30 38 45 47 48 50 59
3 26 32 36 38 42 44 45 48 73 93
26 28 32 39 55 71 91 92
7 10 12 18 20 39 42 44 51 57 58 63 93
2 8 9 11 13 14 21 22 24 25 30 33 37 39 40 41 43 45 48 58 61 64 68 70 76 81 83 90 93 97 98
18 31 38 39 44 50 58 79 89
22 48
13 15 23 33 36 39 41 48 54 55 61 62 81 89 91 94
25 32 36 38 39 48 51 70 74
4 32 43 87 90
69
23 29 38 70 85 88
8 11 19 37 38 39 41
1 2 3 5 7 9 18 25 31 44 48 49 51 53 59 62 65 67 68 69 96 97
1 2 13 14 17 19 24 27 29 38 39 41 48 59 61 67 69 82 93 95 100
21 32 34 38
2 52 84
76 79
6 7 12 27 31 33 37 38 39 40 41 43 45 48 49 55 61 63 71 73 83 85 86 88 89 92 93 97 98
10 20 22 25 33 39 53 80
30 39 40 41 42 48
4 27 33 37 38 68
32
16 19 28 30 32 51 56 70 71 88
27 32 39 48 50 93 96
1 11 17 30 32 34 36 47 49 52 53 68 82 99
1 5 8 10 13 17 21 26 28 32 33 39 42 45 46 51 52 55 56 57 66 71 73 74 77 78 81 87 91 92 99
48 82 100
26 36 38 84
21 38 39 41 45 48 70 71 84 96
38 39 60 78 93
15 21 39 69 80
1 8 18 25 35 36 39 43 46 47 48 52 68 95
19 50 56
25 31 38 39 48 68
6 16 26 39 41 48 68 87
32 39 48 68
8 16 17 19 21 24 25 29 32 39 41 46 48 49 53 54 61 74 80 84 87 89 94
3 21 25 26 27 32 35 37 39 43 48 51 52 58 65 78 89 92
31
19 34 39 48 66 72 73 90 93 100
32 33 36 39 48 49 51 67 68 72 74
17 39 57
1 25 31 36 44 48 51 77 83
1 39 41 50 52 61
7 16 31 39 41 63
32 37 39
10 24 39 86 88 92
3 5 10 12 13 25 29 30 33 39 42 43 48 58 59 63 64 67 70 76 78 80 87 90
8 11 15 22 25 32 41 54 60 67 76 96 99
47 60 67 73 76 98
39 41 48
14 17 18 36 39 41 46 48 59 92
13 28 48 68 71 76
18 21 25 39 48 63 64 73 76 83 94 97 100
8 32 45 48 50 54 59 61 68 74 78 82 100
10 14 17 42 45 48 54 59 69 89
39 57 61 82 89
10 27 43 85 92
7 11 29 39 40 55 56 62 68 70 76 99
7 33 37 39 41 46 62 69 89 96 97 98
6 19 22 38 41 42 48 49 64 70 71 72 82 92
3 15 38 40 63
2 3 5 7 10 11 16 18 20 22 25 28 31 32 35 37 38 39 40 41 42 48 51 56 59 60 61 62 72 74 80 82 90
19 38 39 43 48 51 65 75 79 87 89
23 30 31 32 44 47 57 62 70 76 80 82 83 89 93 95
2 3 5 7 8 11 13 15 16 20 21 22 25 29 31 32 33 35 36 39 44 45 46 48 52 53 57 59 61 62 65 68 69 73 80 81 82 85 86 88 89 90 91 92 93 99
17 30 39 48 60
34 38
42 69 94
29 49 77
5 15 19 27 36 43 45 58 60 73 77 79 80 86
1 4 19 32 39 62 88 92 97
60 98
22 39 48 49 51 65
1 11 14 15 18 23 25 28 30 31 37 41 46 51 55 63 71 79 85 89 91
27 32 48
55 66
20 38 41 66
38 55 81
13 48
15 16 17 31 36 37 54 71 81 83 84 90
32 41 52 79
26 48
39 97
4 5 9 10 11 13 17 18 32 35 37 39 44 48 54 55 58 66 67 82 85
5 25 31 36 38 78 79 88 91 95
16 41 48 79 85 90
15 41 76
11 22 26 37 39 42 48 81 90 94
28 52 80 89
11 13 16 24 26 39 48 53 61 67 75 79 87 94 97
8 9 13 15 20 35 37 39 53 61 62 66 74 80 81 82 85
6 7 31 36 38 39 46 48 62 93
6 27 32 34 36 39 40 41 71 75 76 78 80 94
10 25 29 31 33 34 36 37 41 49 60 69 71 72 78 83 90 94 96
2 32 38
1 26 30 37 38 39 48 57 58 60 75 90
48
4 8 13 24 27 32 39 40 41 44 48 49 50 61 65 68 72 75 90
1 5 6 16 19 39 44 46 47 52 53 64 69 71 72 81 89
24 32 38 39 47 48 53 65 83
3 4 7 28 38 39 41 48 51
24 27 31 35 48 51 59 61 63 76 98
7 31
15 52 73
5 36 38 39 47 48 56 67 79 83 84 92 95
20 21 26 30 39 52 84
10 11 25 36 38 39 41 48 49 80 81 85
17 19 27 28 29 34 35 36 38 39 48 87 90
17 38 42 48 72 98
15 39 45 48 53 58 62 79 87 89
8 31 32 33 38 46
12 19 23 29 39 41 42 44
34 39 41 79
27 39 81
23 24 29 31 32 34 37 39 40 41 42 45 47 55 57 64 70 93 96
6 26 39 58 62 69 85
8 38 39
39 40 52 60 96
4 5 8 9 11 26 29 32 39 41 42 48 52 53 62 70 75 77 78 98
5 32 36 39 44 48 50 59 61 72 73 85 97
18 48 56 91
4 14 36 38 39 40 41 46 48 51 52 53 59 64 75 84 91 95
4 17 18 20 23 31 32 39 41 48 49 54 56 59 76 81 97
20 31 37 39 41 44 54 71 75 77 82 86 98
2 12 16 18 24 27 31 32 38 39 42 48 49 60 64 69 72 84 85 86 91 94
4 11 14 17 27 29 30 32 35 36 39 40 43 48 64 65 66 71 74 77 84 86 87 92 97
2 5 12 15 19 23 30 31 32 37 39 41 47 54 57 60 63 67 68 71 72 77 86 89 90 97
7 22 32 39 41 48 50 54 57 60 66 76 78 79 90
9 13 20 34 39 42 46 47 50 62 68 78 80 87 97
5 11 15 17 22 30 31 32 36 40 46 48 50 56 57 61 71 72 73 87 93
32 39 48
9 12 17 21 25 56 60 80 85
1 10 39 70 72 87 94
3 17 79
5 10 37 64 68
13 22 23 31 35 41 48 53 54 58 60 86 88 90 94
9 22 26 32 36 38 39 43 53 57 59 72 81 82 85 86 91 100
19 33 34 35 41 48 54 57 59 74 82 89
37 38 39 41 48 91
6 11 31 35 38 39 41 44 45 54 63 65 66 69 72 76 79 80 82 83 85 86
39 41
10 55 87
1 3 4 7 9 15 17 19 20 24 27 32 34 36 38 39 41 44 45 53 61 62 64 67 73 75 76 78 79 83 85 86 88 91 95 96 98 100
10 38 39 48
2 3 5 9 10 12 14 17 21 22 23 32 35 36 38 39 41 42 47 53 54 55 58 59 60 61 62 67 68 71 74 76 79 80 89 91
2 9 17 21 22 31 32 34 39 41 43 45 48 49 50 51 55 65 70 83 84 85 87 90 93
6 15 23 26 29 38 39 41 48 50 61 67 88 92 94 97
3 14 22 31 32 33 35 36 39 48 50 52 53 56 57 58 59 77 78 83 85 86 87 90 94 97
4 38 48 79 88 94
2 9 22 26 31 48 64 68 89
1 4 12 18 21 23 49 53 70 79 83 86 89
16 21 25 26 29 32 33 34 39 41 47 49 54 55 56 61 68 73 78
1 16 39 42 76
2 19 39 42 53 82 89
25 55 71 81
9 11 39 45 47 49 50 54 60 69 80 87 95 97 100
1 2 6 15 35 38 39 41 63 69 88 90 96
3 28 38 39 41 48 54 71
38 39 55
1 10 15 20 21 24 27 28 29 31 33 34 38 39 41 46 48 49 51 61 63 65 76 83 88 89 94 98
68
3 7 21 22 24 26 29 39 41 43 48 53 55 62 88
4 9 21 23 24 26 30 34 40 41 55 64 67 70 74 84 86 89 90 91
3 5 9 11 31 39 42 57 58 60 66 75 88 90 98
5 17 28 32 33 36 39 41 53 58 65 70 72 77 78 83 85 95 97
3 14 19 36 43 45 68 84
8 15 29 32 38 39 41 43 48 64 65 70 87
3 5 10 13 26 37 38 39 59 65 66 71 79 82 90 91 96
5 8 13 18 39 48 58 71 88
9 30 39
18 26 37 92
75
15 24 32 35 44 48 56 72 73 78 86 87 96
59 68
1 2 4 19 22 23 25 30 32 38 39 41 48 51 61 77 94
32
12 19 29 38 80
7 16 17 18 24 30 33 39 44 49 51 59 68 76 79 80 85 94
5 19 21 23 26 39 41 46 53 63 65 66 82 86 91 92 99
3 31 32 38 39 40 47 55 63 67 76 81 87 90 92
1 7 31 32 38 39 40 49 58 74 89
32 79 98
2 11 13 20 23 31 32 39 41 48 52 61 63 64 84 87 95 99
4 20 21 22 29 32 38 39 41 48 52 64 66 67 76 77 78 82 88 98
9 33 51 66 75 87 89
3 7 15 16 18 23 26 32 38 39 41 43 44 45 48 57 61 70 73 79 82 87 88 89 91 94 99
28 38 39 48 65 78 96
17 38 40
32 65
39 48 73
39 40 48
10 15 17 18 28 33 39 40 44 45 48 51 53 60 62 64 70 73 75 79 81 85 89 95
10 32 39 57 64
4 13 16 32 36 39 40 48 84 87 91
47 53 69 76 81 84 94 99
6 13 14 32 33 38 41 48 55 67 69 79 83 86 88
19 38 39 42 55 80 82 87
4 12 19 23 39 41 48 57 58 62 63 65 67 70 84 92 97 98
39 40 48 52 54
38 39 41 56 59 78 79 95
13 17 21 38 60 69 71 91 95
3 6 7 11 18 39 45 53
8 13 15 19 21 27 32 37 39 41 42 48 51 69 74 79 86 97
3 11 13 16 39 41 43 50 69 84 91 96
11 41 45
18 22 36 38 41 65 81 90 98
2 14 36 39 48 50 65 83 86
39 41
28 31 32 39 43 48 62 71 74
32 39 48 62 71 74 79
14 19 27 32 34 46 53 54 73 85 99
9 15 36 39 41 43 48 59 79 80 99
36 38 93 99
3 13 14 22 27 31 36 41 43 45 47 48 49 65 93
17 32 37 48 94 97
8 56
4 6 12 13 15 18 19 20 25 31 38 39 41 46 48 55 56 57 60 65 68 70 76 79 85 93 94 99
1 2 6 8 12 17 19 21 28 31 32 36 37 38 39 41 43 46 48 49 53 56 59 61 70 72 73 84 85 88 91 98
39 57 61 64 71 73 76 81
10 19 20 25 31 58 69 81 90 100
4 6 8 9 13 24 28 29 31 32 39 42 43 44 45 46 50 65 66 69 70 72 75 80 81 85 88 89 93 94 99 100
1 9 18 27 29 33 39 41 48 53 63 67 69 70 73 99
39 48
9 24 35 38 39 41 43 44 45 58 63 73 77 78 80
34 38 39 67 72 82 95
28 39
39 66 73
2 3 5 8 17 32 34 39 41 60 66 67 95
9 39 44 48 63 98
18 23 32 35 57 59 65 82 85 94
11 21 36 45 82 85 87 100
18 48 81
10 32 39 42 45 48 51 80 82
36 38 39 47
16 19 25 39 42 44 47 48 49 59 60 64 69 81 84 90 91 97
8 20 27 37 39 42 48 57 64 71 73 76 82 85 87
32 100
19 32 34 39 44 45 78
1 6 19 23 31 39 43 48 61 81 89 96
32 33 37 93 97 99
4 17 21 28 35 39 42 45 47 48 49 55 57 60 61 62 63 66 69 72 74 81 86 89 91 93 95
12 23 39 60 70
22 36 39 59 67 77
4 15 18 39 41 82 92
14 39 47 48 73 82 92
2 4 9 26 32 33 48 59 60 84 94
4 7 9 19 24 30 42 44 45 54 60 75 77 97
12 15 24 25 32 33 39 45 48 49 52 56 61 72 75 91 96
9 13 18 32 38 39 48 57 62 65 75 81 82 83 92 97 100
7 12 17 42 45 48 50 51 54 55 59 64 66 68 70 79 80 85 87
12 16 20 21 32 33 34 38 39 40 42 47 71 74 76 90 92
13 14 27 31 32 46 48 51 58 72 74 75 76 79 88
6 9 13 14 16 18 28 34 45 49 50 56 62 65 67 73 77 79 86 93
12 19 21 39 41 43 44 54
2 8 30 32 39 42 43 45 48 58 60 84 92
1 2 6 11 20 30 31 34 37 38 39 41 44 46 47 48 50 52 54 58 67 73 76 78 80 82 88 90 92 94 95
65 68
11 31 38 39 41 45 48 49 64 81 83 86
38 39 41 48 56 59 74
2 3 14 21 37 38 48 51 56 80 83
26 28 42 43 56 59 80 83 85 86 89 93
22 34 36 38 39 41 57 63 71 83 93
13 19 23 26 34 38 39 41 52 60 67 68 83 84 88 95
3 6 13 24 29 31 39 41 60 61 63 75 78 79 89
1 4 16 20 31 39 43 45 62 64 65 72 74 76 77 81 87 90 96
4 7 10 15 16 31 33 38 39 48 53 58 59 67 72 82 84 98 100
39 48 51 52 78 87
1 2 39 48 52 62
15 39 41 60 85 93
38 42 69
1 2 23 28 39 53 54 58 72 82 97 99
11 14 32 39 49 55 58 61 70 72 79 83 87 95
13 25 39 69 89 94 98
2 5 9 17 18 22 32 33 35 37 41 44 48 60 62 70 79 84 88 92
9 32 52 66 86
14 28 32 39 41 42 48 60 78 79 89 95 97
26 43 55 80 84 85 96 98
1 30 37 39 65
5 7 10 11 14 36 46 48 83 98 100
39 41 89 90 100
6 7 11 24 26 31 33 34 37 39 41 43 44 48 53 60 62 66 89
27 44 46 90 94
13 14 15 17 20 21 22 23 29 30 32 43 48 50 52 56 57 64 65 75 79 99
39 48 98
10 14 21 34 41 45 62 70 94 96
39 50
39 48 96
11 12 22 25 32 47 48 50 51 55 76 84 90
2 4 18 31 39 41 48 49 60 90
13 22 27 36 39 68 73 92
5 16 20 28 32 39 40 41 55 68 98
10 16 18 19 25 28 29 31 32 39 52 57 58 66 77 80 83 84
1 19 32 48 69 78 86
12 15 22 34 35 39 45 46
7 8 25 31 32 42 47 48 50 54 58 62 64 71 73 79 95 97
17 19 22 39 41 54 56 69 93
4 32 36 38 51 55 85 90 99
39 48
9 12 17 19 23 31 32 36 39 41 44 46 52 63 65 70 74 81 87 89 95 98
6 9 22 25 26 27 28 31 34 36 38 39 41 48 52 53 57 84 91
24 44 46 52 92 94 100
4 6 24 39 48 77 90
6 9 11 23 31 39 41 44 65 70 80 89 90 93 96
7 64 69 76 92
2 6 8 9 17 26 27 30 31 32 33 35 38 39 41 44 46 48 49 53 58 63 65 76 81 83
32 38 39 52 79
1 83
18 22 25 28 31 32 38 39 41 45 48 52 54 56 66 78 80 86 90 91 96
33 39 48 51
5 8 14
39 41 45 81
1 4 10 14 15 18 35 42 46 53 54 57 62 70 74 75 77 80 95
1 3 18 24 28 39 40 41 48 52 60 67 72 86 94 95 97 98
6 29 89 95 100
21 32 35 39 85 90 98
54
15 28 32 38 39 41 59 84 90 97
10 15 39 42 48 69 89
32 39 41 48 64 80
2 13 24 28 36 37 38 39 41 48 51 59 63 83 89 90 96
3 42 46 48 51 68 96
6 13 23 32 35 49 62 90 92 93
33 39 49 65
22 33 36 43 85 93
2 15 20 25 39 48 95
11 19 27 31 32 44 48 61 66 72 81 84 85 86 89 97
17 22 37 39 45 56 77 81 97
6 7 9 10 11 13 26 31 43 46 58 67 69 79 86 87 89 93
19 25 31 38 39 40 48 59 61 65 67 89 93 100
1 3 28 39 47 65
12 23 24 32 38 41 42 48 56 93
32 41 76
6 17 19 23 26 29 30 32 40 48 71 86 94
9 18 20 38 41 43 62 71 79 80 83
26 29 39 50 51 59 83 87 97 100
32 39 43 45 60 61 63 67 69 77 79 90 91
26 39 41 43 46 56 83 87 89
1 5 7 11 16 20 21 26 28 32 33 34 43 48 55 58 72 75 77 81 87 95
3 5 13 17 19 22 23 25 28 38 41 47 66 72 76 84 90 91 92 96
4 20 30 32 36 37 39 41 45 48 51 67 70 77 80 89 94 97 98
9 12 15 32 39 48 52 60 87 93
2 4 33 34 38 39 41 46 47 48 52 58 69 70 73
11 16 32 38 76
36 38 39 82
32 38 75
4 5 12 32 36 39 41 46 61 75 78 83 86
7 32 37 48 59 80 85
2 8 35 39 49 60 89
1 6 9 10 13 16 22 26 32 34 37 38 39 40 46 47 52 54 61 62 63 68 69 72 73 76 77 79 87 88 91 92 93 95 100
2 4 9 13 16 17 18 19 29 31 32 34 38 39 45 49 50 53 56 57 59 60 62 66 70 76 79 83 86 87 90 91 97
32 41 48 52 59 60 69 74 76 79 83 99
6 11 15 39 45 48 59 71 85
4 17 25 29 32 38 39 48 50 52 55 63 65 68 70 72 73 74 77 83 84 91 92 93 94 97 100
18 19 35 39 48 65 67 69 73 77 93
4 16 19 32 44 48 78 80 82
10 95
38 49 54 56 91
4 38
30 39 41 45 47 48 66 69 71
2 5 6 18 20 33 34 38 39 40 48 49 57 60 68 69 72 73 79 80 84 85 92 94
2 6 21 28 30 32 37 39 44 48 53 60 65 69 79 82 85 92
27 39 48 74 79 99
16 31 39 41 48 51 76 81 90
5 8 15 25 28 29 32 34 38 39 41 52 55 56 68 92
3 32
3 7 11 39 46 48 56 76
26 28 32 39 41 43
32
26 34 38 39 41 47 48 60 84
10 16 18 24 38 39 41 45 46 48 49 81 84 88
26 38 88
5 8 10 14 17 22 23 26 30 32 38 39 41 47 48 52 53 56 61 64 65 77 80 88 91 93 95 97
8 28 35 39 50 61 71 79 81
38 39 49 79
31 74
4 5 7 10 12 18 21 23 28 32 33 38 42 43 45 50 56 59 66 68 73 74 76 78 81 85 87 88 90 91 95 97
9 10 11 14 21 32 33 38 40 48 49 52 54 62 65 71 76 80 87 91 93
2 5 13 15 23 24 27 30 31 32 34 36 38 41 50 52 54 56 59 60 66 68 87 88 91 94 95
7 13 33 53 55 88
17 39 48
37 38 66 74
5 18 31 39 60 67 99
32
11 20 21 23 45 65 66 72 74 79 83 86
4 9 11 14 17 18 24 28 32 33 39 41 45 47 48 55 57 63 81 88
3 4 5 11 12 15 16 22 24 25 29 31 32 35 38 41 43 44 48 49 51 52 54 60 64 76 88 89 99
20
3 30 72 77 87 95
8 20 22 32 34 41 48 57 65 68 76 98
23 31 34 35 48 65 75
9 32 48
11 37 39 41 47 48 51 54 61 66 74 80 85 93 99
9 38 46 48 54 59 64 73 87 100
12 51 77
24 56 65 68 74
12 16 18 21 22 32 38 56 78 91 97 98
1 6 12 13 28 32 42 43 47 50 68 81 88 89
1 13 39 43 52 54 65 80 82 83 87 88 94
35 38 39 61
3 19 20 24 27 32 37 38 39 41 47 48 49 52 56 60 66 70 72 82 86 97 98
1 4 41 43 51 55 56 57 69 73 76 82 95 99
1 9 13 21 40 58 61 64 78 82 92
65 84
9 32 58 69
8 13 48 79 86 96
13 28 48 65
19 27 32 39 41 97
4 13 29 32 37 38 41 48 56 58 68 84 89 97 100
2 29 32 78
24 36 39 41 45 47 64 75 92 98
2 10 11 22 24 32 35 38 39 41 45 48 50 55 66 71 95
4 21 61 80 85
39 48 91
6 25 29 32 38 39 48 54 58 66 67 72 89
1 3 11 13 14 16 18 21 32 36 39 41 45 52 65 80 81 82 84 100
16 19 33 39 48 56 62 63 87
4 13 16 26 30 48 49 75 84
2 5 39 41 43 49 51 62 72 90 95 100
7 10 11 13 14 16 21 23 30 33 39 41 43 45 46 48 50 52 57 61 68 70 74 75 80 86 88 99 100
8 46 55 87
14 32 39 41 46 49 58 59 80 91
9 39 51 60 64 86 94
80
1 8 15 17 50 63 65 70
39 41 44 77 94
14 23 24 25 29 39 48 50 60 62 65 79 88 97
2 3 4 6 9 39 51 57 60 61 67 68 71 74 81 86 95
31 48 49 50 67 70 74 89 95
2
7 16 22 31 38 39 48 60 61 75 76 89 92
2 4 5 9 16 18 32 34 35 48 69 70 73 80 87 90 91
2 10 30 32 38 39 58 72
32 37 50
5 32 37 53 69 90
27 32 39 48 82 85 99
51 84
24
2 5 7 8 13 15 20 21 23 26 27 28 32 35 36 39 41 44 48 51 52 59 61 68 70 72 76 97 99 100
18 28 32 51 97
6 8 13 17 23 30 35 39 50 57 62 72 77 89 91 94 99 100
10 23 39 56 59 62 84 88
23 36 44 50 57 58
5 12 27 28 32 39 53 70 77 81 89 90 93 96
19 22 33 47 48 52 55 65 82 88
8 22 30 31 34 37 46 48 50 55 61 62 71 82 88 89 90 91 97 98
54 60 87
3 6 9 11 16 26 29 31 35 36 40 41 44 48 49 50 52 53 55 56 58 61 62 68 69 70 71 73 74 78 80 81 82 83 86 88 90 96
4 18 32 41 61 70 73
9 18 21 28 29 39 45 47 48 52 53 56 60 61 73 79 89 90 91 92 97 98
1 4 8 9 15 25 26 27 30 31 32 35 37 39 41 50 51 57 58 65
2 11 12 20 28 32 39 40 44 53 56 60 63 65 67 79 89
6 8 9 14 19 20 32 34 39 41 43 48 50 55 61 62 67 86 93 94
5 16 27 45 80 83 89
13 14 60 65 82 83 86 93
0 5 40 41 49 65 86
39 41 49 52 100
6 7 11 15 24 48 68 77 79 96
9 11 17 19 37 38 39 41 48 66 68 71 77 85 95 98
3 12 18 22 25 33 37 39 41 42 88 94
48 64
29 39 48 90 98
5 10 11 16 21 22 24 32 39 49 52 61 62 68 76 83 85 86 87 94 96 99 100
32 38 45 48 50 55 93
1 9 10 13 17 31 32 39 41 42 48 49 51 53 56 58 60 63 67 71 73 75 77 83 84
1 7 8 11 17 19 24 27 33 36 39 40 41 43 46 48 49 51 52 53 55 58 69 77 79 86 88 89 90 92 96 97 99
13 37 39 42 45 48 50 52 56 57 64 75 86 88 90 98
7 12 17 28 29 39 41 45 57 58 60 61 72 74 76 81 84 89 99
6 14 19 20 22 29 35 38 41 43 54 57 60 65 66 69 70 77 79 83 88 89 94 95 97 98 100
1 5 38 39 41 43 45 48
5 19 24 28 29 39 48 50 89
14 24 42 49 58 74 79 80 96 100
12 28 32 39 41 48 51 57 59 60 63 66 69 83 89 96
21 31 32 48 99
1 2 5 7 11 20 23 25 28 31 35 49 60 74 78 80 84 97
16 27 30 37 39 48 53 58 60 66 68 76 79
6 12 13 22 24 36 37 38 41 42 46 49 58 59 62 65 72 78 83 86 92 97
3 4 5 6 18 20 25 32 36 39 41 46 48 56 61 62 64 67 72 73 85 91 92 95
12 32 39 74 75 76 77 84 86 88 89 91
7 14 15 22 38 48 50 62 72 77 80 87 95 97
2 6 10 11 16 19 28 29 32 33 35 39 40 41 42 44 48 53 59 64 69 75 89 95
37 39 45 46 48 55
1 6 11 21 23 32 39 43 45 55 60 64 84 96 97
3 32 39 79
1 20 39 41 44 51 62 68 69 73
32 49 88 98
15 39 41 48 51 52 65 66 69 75 78 81 89 91 96
56 76 90
3 11 16 20 21 39 41 43 48 50 59 62 64 69 82 85 100
29 32 39 41 48 51 52 53 67 83 88 99
34
1 5 13 18 37 38 39 41 48 55 57 60 66 74 79 87 90 99
6
32 41 52 62 63 65
2 18 20 34 36 37 39 41 47 48 50 68 77 79 86 100
2 17 40 63 82 89
2 9 15 47 49 60 100
2 11 18 20 23 26 27 28 39 41 45 47 48 50 58 61 67 75 79 82 83 89 94 97
15 30 45 48 91 99
1 3 5 9 12 15 17 27 38 39 43 48 52 53 63 64 67 71 99
27 41 56 59 62 67 72 83 89 92
25 32 48 50 55
39
24 35 39 41 43 48 58 75 76 81 83 89 99 100
3 6 7 8 13 14 17 24 28 30 32 33 34 41 48 49 52 58 59 62 64 65 66 69 70 76 80 82 91 92 94 95
28 34 37 38 39 52 53 73 79 90 96 98
1 3 9 22 28 36 39 47 48 58 61 64 73 75 80 81 86 87 91 98
82
4 20 29 30 32 39 41 48 50 53 67 75 77 84 90 100
5 8 13 16 37 38 39 41 45 47 48 53 55 60 69 77 99
27 72
19 28 32 34 39 47 48 52 56 59 62 63 70 76 81 92 93
1 7 17 35 38 39 41 48 50 56 58 59 61 72 74 79 84 94
9 15 32 36 41 48 50 56 57 69 73 91 95
12 14 15 19 24 27 30 33 36 38 39 48 51 52 55 60 65 80 85 90 92 94 98 100
4 5 30 32
3 28 29 32 34 35 39 44 48 54 57 60 63 66 76 77 83 86 88 92 94 96
8 10 13 20 32 33 34 39 41 45 48 53 57 58 59 63 67 73 82 89 97
11 14 19 39 98 99
1 6 8 9 19 21 25 29 30 32 33 35 37 38 39 41 43 44 48 49 51 52 56 58 61 65 67 70 71 74 75 76 78 81 85 87 89 90 91 93 94 99
7 31 39 40 41 93
10 17 22 24 25 29 34 39 45 49 54 62 71 77 78 82
10 11 17 18 20 34 41 51 53 63 70 71 86 88 96 98
10 17 20 22 41 64 71 73
1 2 5 7 13 17 18 28 42 48 52 58 63 64 69 88 98
35 41 48 69 71 90
4 39 48 73 80 91
32 39 44 48 63 73 75
15 48 65 68
2 5 7 16 57 61 76 80 82 87 91 96
31 36 38 39 72 89
1 30 31 32 39 41 43 48 55 94
10 12 21 38 67 91
5 15 21 23 38 39 58 60 69 79 94
10 22 30 32 35 50 55 56 59 60 70 75 83 85 86 95 96
4 19 23 30 42 48 50 67 68 71 92
5 32 38
1 9 12 19 22 39 41 48 61 69 72 73 86 92
18 32 44 55 57 61 92
5 19 22 24 38 48 53 59
4 20 32 39 43 68 71 86
9 10 24 25 26 32 36 63 68 81 98
32 39 41 42 64 79 84
1 7 8 11 12 14 17 27 28 32 36 37 38 40 43 45 58 59 61 62 66 69 71 72 76 78 79 82 84 87 89 90
12 15 19 20 34 35 36 48 60 68 77 78
48 61 68 89
4 15 38 39 48 51 81
3 31 39 49 74 77 92 100
18 41 61 66
0 73 77 82 83
11 13 38 39 41 48 66 71 78 87
10 21 22 35 56 72 84 85 91
11 23 32 39 48 64
5 12 26 29 38 39 62 64 67 75 77 82 87 94
39 53
9 17 23 28 37 38 39 40 41 45 48 52 53 54 85 96 97 99
2 8 38 47 65 67
6 13 16 23 26 30 39 40 41 52 55 73 82 99
11 32 48 88 95
1 4 12 13 14 28 32 39 41 59 69 75 82 84 85 89 90 94 95 99
1 38 39 46 47 52 93
3 5 12 16 26 27 29 39 41 43 48 51 64 94
23 30 32
9 14 73
11 17 19 32 48
6 23 31 41 46 52 54 76 88 89
52 85
8 32 48 99
1 9 28 29 48 50 72
8 10 31 40 42 53 91
9 10 12 14 16 17 21 23 26 28 32 36 39 41 43 44 46 50 53 54 56 58 60 62 67 69 73 77 81 82 83 85 90 93 100
3 19 24 39 41 42 43 48 51 52 53 57 64 69 72 75 92 95 98
3 12 18 32 39 41 43 57 69 85
18 32 36 40 44 48 50 60 66 69 93 97 100
7 22 32
5 6 10 11 25 27 28 30 31 35 38 41 44 45 46 47 52 55 57 61 65 70 74 75 79 80 82 91 94
10 47 48 53 62 68 73 88
39 41 48 54
18 29 32 39 41 45 48 54 58 59 65 70 74 76 85 89
5 14 24 35 39 42 48 65 73 89 92
5 13 30 32 36 39 41 43 51 58 60 68 80 84
4 20 28 46 48 74 77 96
26 46 83
39 41 76 86
32 60 61 67 70 82
4 71
5 10 11 29 32 38 43 44 47 48 52 56 63 84 86 92
2 10 32 48 62
13 16 26 32 37 39 41 47 81
24 25 32 33 39 41 48 53 73 74
1 39 48 53 94
32 41 51 67 78
7 9 20 21 37 39 48 66 70 74 76 77
14 39 48
17 31 35 46 78
4 8 19 38 39 46 48 56 65 84 89 95 100
32
9 39 53 98 100
1 12 14 25 32 39 41 48 58 65 69 80 98
10 16 30 39 76 99
2 17 20 29 48 71
38 39 47 54 59 68 87 91
5 9 16 18 27 38 39 42 55 62 67 71 74 75 79 82 83 91 93 95
11 17 22 32 33 39 41 42 44 46 48
2 5 7 10 11 29 32 36 39 41 48 50 58 59 67
1 2 10 11 18 31 35 39 46 48 56 73 75 79 85 90 91 93 96 99
23 24 32 45 77
48
15 48 55 60 64 82 85 92 96
11 39 48
4 32 44 97
8 23 24 48 49 67 72 92 98
24 39 51 63
11 34 39 48 66 74
12 19 42 48 79
9 13 16 29 39 41 47 48 49 55 64 70 90
39 41 71
10 11 18 29 48 49 53 70 78
4 6 38 41 48 61 64 65 83 89
29 48 90
20 31 34 39 49 65 68 74 77 83 85
8 22 23 25 26 28 34 36 41 44 48 58 61 76 77 90 91 97
15 37 38 41 55
3 5 35 51 76 83 94
34 41 42 45 48 50 71 72 78
23 35 41 86
2 9 12 16 19 20 22 25 29 30 47 53 56 58 69 79 80 83 85 86 88 92 98 100
11 28 48 66 73 86 100
5 7 8 11 19 21 24 30 32 38 39 41 48 51 53 67 73 75 77 86
5 17 22 28 40 41 48 68 73 93
6 15 16 19 36 39 40 41 42 43 44 48 51 58 61 65 71 72 77 78 79 80 83 89 90 94 97 98
1 3 6 8 12 28 36 38 39 41 42 48 54 59 65 67 69 73 84 89 90 97
1 3 12 15 23 26 32 35 39 41 44 63 80 87 89 96 97 98 99
2 10 28 29 39 40 48 50 60 72 86
16 39
5 16 25 26 27 28 29 39 41 44 53 70 77 79 81 86 87 93 97
7 11 19 20 22 26 32 34 39 41 45 48 52 56 61 63 73 74 76 79 84 87 92 97 98 100
4 32 37 39 52 66 83 93 99
10 24 26 29 30 45 67 86 87
24 26 32 39 42 46 68 78 88
3 8 10 14 20 28 35 39 43 44 46 47 48 51 53 54 55 56 58 59 62 71 73 79 87 88 90 93 94 99
2 9 12 14 23 26 34 37 39 43 48 54 56 58 60 70 82 86 87 89 94 98
3 5 9 25 32 39 41 44 45 54 77 92
5 20 30 34 48 51 62 69 70 71 92 94 97
5 9 20 25 28 32 36 40 41 44 48 53 57 69 71 79 80 86 96 100
12 18 26 38 41 43 46 48 56 59 61 62 78 81
1 2 10 13 24 30 31 40 41 43 45 47 48 52 57 64 65 67 68 81 84 85 88 100
23 33 48 67 77
2 10 16 28 32 34 40 41 45 47 53 56 75 77 89 91 95
8 10 16 26 27 28 32 39 41 55 58 62 78 79
31
12 22 39 41 48 79
1 6 9 12 17 18 19 22 26 28 30 35 41 51 52 70 73 77 78 79 83 85 89 92 97
33 38 44
39 48
10 14 15 17 18 19 34 41 45 46 51 65 72 75 79 87 90 93 94
12 36 38 39 41 48
1 39 40 48 59 61 66 84 85 88 89 94 100
1 12 13 15 16 27 30 33 48 49 56 65 72 89 93 100
41 71 72 89
12 14 16 29 39 40 48 54 55 64 75 80 94 96
1 3 8 15 23 28 30 33 36 39 41 48 49 50 58 65 66 75 78 81
20 29 38 39 41 48 52 65 72 83 94 96
4 7 12 19 29 32 41 48 52 53 59 61 63 64 74 79 80 83 85
18 32 49 51 81 91
97
21 34 65 100
15 19 32 37 38 39 41 43 48 58 65 86 97
1 7 11 18 19 20 23 24 30 31 35 37 39 48 49 51 52 65 70 76 77 78 81 84 87 90 100
10 56 80
6 13 23 24 39 41 46 48 50 62 80 82 98
31 38 41 54 55
30 33 41 46 48 55 60 63 70 86 89 93 95 99
12 14 16 18 19 22 23 32 39 41 45 48 51 60 61 65 66 67 72 78 81 85 86 88 89 91 93 98 99
39 42 56 60 65 73
39 44 63 71 94
2 3 5 11 17 23 30 36 37 38 41 43 46 48 51 55 68 71 72 83 90 96
7 39 48 65 70 73
4 11 25 34 38 39 40 41 45 48 53 59 61 77 79 87 93 96
1 6 8 14 19 25 27 32 33 39 40 41 44 47 48 52 54 55 58 59 60 61 65 66 67 71 72 77 78 79 83 84 86 87 90 92 94
5 7 9 23 39 41 45 48 52 64 66 90 92 97
6 41 45 59 71 87
13 17 18 19 22 30 32 39 41 43 44 45 46 48 51 55 57 60 64 65 68 76 78 79 85 89 92
9 13 32 35 37 38 39 41 50 75 77
32 51 70 90
5 32 38 39 41 79 92 95 100
7 8 19 22 23 31 32 44 45 48 60 64 71 76 79 81 82 87 93 95 99 100
38 39 40 48 58 82 100
5 6 9 10 12 13 18 20 27 37 38 39 40 41 43 52 54 59 65 72 73 75 76 81
3 8 12 16 33 34 37 41 45 48 60 68 79 84 85 90 93
15 17 18 22 23 26 27 31 37 39 40 41 43 45 46 52 57 62 76 79 82 88 90 92 93 94
1 2 3 4 6 13 19 22 25 27 31 33 39 41 42 48 49 50 55 58 60 62 63 64 65 75 77 81 82 92 93 100
39 49 52 60 66 84 90 99
5 8 9 39 48 59 79
1 5 9 32 36 37 39 50 58 59 70 96
39 48
3 23 27 31 39 41 59 63 100
2 3 5 9 12 15 17 19 26 30 32 34 36 41 47 48 52 60 62 63 65 70 71 76 79 80 84 85 88 90 92
37 44 45 64 72 85 90 91 96
13 37 39 51 70
4 14 22 39 56 88
16 23 25 31 33 37 39 40 41 46 48 50 67 88 97
11 20 39 40 41 42 48 52 54 62 74 78 79 81 82 95
9 10 12 17 26 32 38 39 40 42 46 70 71 76 80 89
7 8 10 11 13 22 24 27 31 39 45 48 53 56 68 69 70 75 88 92 97
5 6 8 10 11 15 16 17 18 33 34 39 42 48 50 57 59 76 80 85 92 95 99
39 41
1 7 22 24 28 31 32 34 39 41 45 47 48 49 53 71 76 88 90 95 98 100
2 16 22 23 24 32 33 34 40 42 44 45 46 59 62 63 66 68 72 81 89 92 99
1 7 12 34 39 41 48 49 71
12 26 39 42 47 65 66
4 39 52 79
36 46 94
35 41 44 47 48 59 71 83
1 2 3 4 11 18 23 32 34 39 41 46 48 49 52 53 54 63 69 76 78 82 88 94 98
3 32 39 41 48 51 72 76 79 84
12 22 26 29 36 38 39 64
9 14 23 32 38 39 40 41 43 47 48 50 63 65 76 79 82 83
7 9 14 16 32 39 56 85
39
5 6 10 15 16 17 31 39 72 74 80 82 84 85 89 92 97
35 39 48 61 87
16 30 31 32 48 49 82
14 31 34 35 39 82 87
12 96 99
20 32 73 90
1 11 25 31 34 36 39 41 42 43 47 48 55 60 61 65 74 75 77 80 91 94 95 96 98 100
2 5 21 31 32 34 38 41 43 55 65 76 82 88 90 95 98
1 5 26 28 35 36 37 39 45 49 58 59 62 73 79 82 83 90
2 6 9 10 11 12 23 24 29 34 36 37 41 44 48 49 52 58 59 66 69 74 80 85 86 87
4 33 60 66 99
39 91
39 41 78 83 85
2 11 14 22 23 31 38 39 41 46 47 48 55 61 64 69 76 80 85 87 93 97
3 32 38 39 41 48 54 79 80
7 13 15 19 20 26 30 34 37 39 41 45 46 54 59 62 67 77 82 93 95 96 98
31 48
8 10 26 28 36 39 40 48 54 65 69 75 78 83 85
24 28 29 31 32 37 39 41 48 75 76 83 87 98
5 9 10 11 18 20 25 39 40 44 46 48 53 56 61 72 73 74 83 90
15 39 40 49 57 75 80 87 89
27 41 99
23 32 39 59
7 39
26 35 39 72 75 77 86 93 100
2 27 28 48
13 18 19 22 31 39 41 48 59 83 84 90 97
5 18 36 39 48 64
5 11 15 18 19 20 29 33 35 38 39 41 42 48 50 52 59 80 81 94 99
3 10 14 26 27 28 30 31 36 37 38 39 40 41 42 47 48 80 81 83 94 97
1 3 10 24 27 33 38 39 48 55 63 66 67 69 82 86 98
3 35 70 71 87
2 8 15 38 39 44 45
3 5 8 9 13 16 28 29 36 48 49 52 53 54 62 64 68 70 86 89 90 92 97 99 100
2 11 23 25 33 51 86
27 59 87 97 98 100
11 18 23 31 38 39 41 42 46 48 55 59 61 64 69 78 84 93
9 16 32 36 37 39 48 55 60 67 71 73 80 81 85 100
4 11 39 41 66
4 5 6 7 8 14 17 22 27 28 32 34 38 39 41 48 50 51 53 55 61 63 64 65 68 71 72 75 78 83 86 90 91
16 39 41 54 81
2 5 14 15 16 25 31 32 35 36 38 39 40 41 44 45 48 51 52 53 56 59 61 65 69 72 73 74 75 78 83 84 88 91 93 97 98 99
29 39
9 15 16 17 31 37 39 41 42 43 48 67 72 81 82 83 91 98 99
32 62
25 27 63 69 77 89
13 15 32 38 41 44 71 79 93 100
6 9 10 11 13 22 29 31 33 35 39 46 50 53 63 64 65 67 68 69 79 86 90 99
2 3 15 20 28 29 31 33 36 38 39 40 41 48 60 66 72 73 75 80 87 89 90 93
38 81 94
13 27 32 34 35 39 41 43 48 56 65 66 67 72 73 79 87 88 94 100
3 19 32 39 41 48 49 51 53 60 64 72 80 98
3 8 11 12 20 21 39 40 48 64 66 85 88 90 100
1 5 7 10 19 33 36 39 42 60 83 87 96 97 99
1 4 5 7 11 17 21 24 28 39 40 41 48 53 56 67 77 79 89 94 95
7 18 27 31 32 34 39 40 41 57 60 65 69 79 83
53 66 68 84
19 27 30 31 34 38 39 48 50 65 70 72 83 99
12 62
1 6 9 11 15 19 25 28 33 34 39 48 50 62 64 66 70 71 73 74 75 77 79 87 92 93 95 98 99
1 2 5 16 28 39 40 44 45 48 53 54 61 66 68 75 77 78 79 88 89
8 41 48 52 69 90 97 98
13 19 22 26 29 36 41 42 46 48 49 56 58 61 69 79 83 85 93 96 98
12 15 20 32 39 41 48 50 74 79 85 99 100
55 78 93
33 37 39 74 89 98
4 5 7 10 11 13 17 26 32 33 37 39 48 51 52 55 57 64 65 66 69 72 75 76 77 82 88 89 90 92 95 98 100
1 5 10 12 17 18 20 24 26 29 30 34 35 38 39 40 41 46 47 50 55 56 60 61 74 77 78 79 81 84 88 91 94 95 96 97 98 100
7 16 25 29 30 35 37 39 41 48 74 86 91
14 24 27 39 54 96
6 16 20 22 27 58 60 65 71 88 99
14 17 22 31 32 39 45 52 83 88 89 90 100
32 39 48
3 7 20 36 38 39 89 99
39 48 85 98
8 9 17 19 23 25 32 39 53 54 60 66 70 91 92 100
39 41 48 49 51 60 63 65 74 96
32 38 39 41 48 64 73 96
9 48 50
2 7 18 20 39 48 55 85 87
11 19 39 48 59 64 65 68 73 86 100
17 18 19 28 31 39 47 48 74 75 76 95
1 18 20 25 30 33 39 42 48 73 74 75 81 86
22 38 81
16 18 27 31 39 48 49 54 65 75 76 80 86
5 7 39 72
58 83 87
10 24 38 39 47 48 55 65
2 9 18 30 39 51 68 72 82
16 18 19 35 39 45 48 77 80 93
39 41 56 64 77 100
17 21 24 31 32 33 36 38 39 41 44 47 53 66 69 87
5 36 38 39 81 83 90
5 11 28 32 39 48 53 61 66 73 85 86
8 20 24 39 41 42 47 48 60 67 77 83
63
9 15 20 39 40 41 48 52 53 66 84 86 87 88
18 21 27 37 38 41 48 65 86 89
39 41 48
92
14 21 29 32 48 49 56 60 76 100
38 58 65 99
2 26 41 53 62 73 79
2 7 8 12 13 17 20 22 24 26 27 29 31 32 33 34 36 38 39 41 47 48 50 57 61 78 91 93 98
19 31 39 48 51 73 74
3 5 9 11 21 39 48 59 71 81
18 32 38 39 41 48 63
28 30 48 49 61 75 88
9 21 57 67
1 18 34 37 38 39 48 49 61 68 96 97
5 7 10 33 36 39 41 48 59 73 91 92 98 99
1 4 38 39 41 48 66
16 36 38 39 41 66
36 39 48 55 68 82 100
3 18 29 32 38 60 71 74 78 81 99
12 21 36 38 39 47 48 60 61 81 99
26 27 31 80
11 34 39 55 87 99
18 29 39 45 51 53 57 75 77 81 82 96 98
8 31 35 49 60 64 75 78 89
36 39 44 48 78
5 64 69
12 38 39 48 68
15 32 38 48 89
2 8 24 26 31 47 48 50 53 54 64 65 83 86 91
14 28 38 46 47 60 87 92 98
8 19 24 34 39 66 69 77 94
2 3 10 12 17 21 25 36 38 39 44 47 48 50 60 61 65 66 70 76 81 93
3 32 39 80
9 24 27 31 39 41 48 69 78 85 86 92
2 15 17 20 24 32 33 34 37 40 44 51 54 58 59 65 68 73 86 88 90 97
2 5 21 32 39 41 48 54 57 63 69 73 89
39 41
7 22 27 32 38 41 43 44 48 59 62 64 67 71 79 89 95
39 48 50 55 56 65 67 69 85 96
15 19 27 31 39 41 48 56 58 64 65 77 83 86 91
2 3 7 9 15 18 19 20 22 23 26 29 30 31 33 37 38 39 41 50 51 58 59 61 63 72 74 75 76 79 87 89 90 91 92 94 95
3 41 68 99
4 7 11 16 18 25 29 30 39 41 43 44 48 56 60 66 68 72 83 89 90 91 94 100
26 77 93
9 16 36 64 73 75 80 92 97
20 26 39 42 45 47 56 60 65 67 79 81 87 88 94 95 97 98 99
5 16 19 30 31 32 36 38 39 41 48 49 57 63 75 84 93
4 9 13 31 32 36 39 40 41 47 48 50 56 59 64 70 73 75 76 90
13 19 20 30 35 36 45 47 48 53 54 57 59 61 69 75 86 89 93 95
17 42 48 68 74 80
2 4 5 17 21 23 34 39 52 53 55 61 66 69 74 80 83 90 92 93
27 34 39 41 50 65 68 69 71 84 88 89 98
10 19 21 22 23 25 27 28 30 31 32 39 41 46 48 57 72 78 84 92 94 97
2 9 11 12 17 24 28 33 39 41 42 45 48 52 55 60 63 88 91
6 11 12 39 41 60 87
8 9 29 32 34 46 54 63 74 97 99 100
29 36 38 41 79 93
11 16 20 22 25 36 51 71 94
93
2 18 25 32 39 41 48 68 73
17 39 72 91
38 39 41 48 53 66 87
13 18 32 37 43 53 59 66 78 88 93
23 43 52 64 88 90
3 4 5 30 32 36 38 39 41 43 47 48 54 55 56 57 60 66 70 71 72 73 78 80 84 85 90 91 98
19 20 26 28 31 32 37 38 51 52 54 58 73 87 93 96 99
26 27 38 39 45 57 58 61 80 87
16 18 48 78 89
8 23 32 41 46 51 55 82 85
8 9 13 17 24 28 30 33 39 41 48 55 71 83 90
39 43 92
4 14 19 26 39 41 42 48 52 60 66 79 92
18 26 29 39 41 45 48 54 55 74 81 84 91
6 8 15 16 21 24 37 39 41 42 46 47 48 49 58 68 69 70 71 84 92
6 8 11 13 14 16 19 21 22 24 31 32 41 42 45 50 54 55 56 57 58 61 62 66 69 72 74 76 77 81 83 86 88 89 91 93 94 98
39
13 21 24 29 31 38 39 40 46 54 57 60 71 75 80 88 89 92 95
7
26 28 75 77
1 4 10 12 19 28 29 34 37 48 68 73 86 90 91 92
11 13 38 39 48 82 84 88
24 34 36 56
8 16 19 22 23 25 27 30 39 41 44 45 47 48 62 63 66 68 72 79 80 89 94 96
5 19 20 25 29 39 41 45 48 61 69 95
18 23 39 42 43 53 79 95
4 11 13 18 37 42 48 49 59 79 83 89 94
7 11 15 38 39 48
5 9 10 14 21 29 37 39 41 42 48 57 72 78 80
23 25 33 38 39 69
2 5 6 10 15 22 27 29 33 41 42 43 55 57 61 75 83
25 39 41 51
4 7 11 13 24 28 39 40 73 77 79 87 92
39 42 56 68 75 81
2 4 9 12 23 29 37 39 41 42 43 48 49 55 59 67 73 76 83 85 91 97
89
1 39 41 60 88
17 39
33 35 39 76 77 83 91
7 24 38 41 42 45 56 65 74 99
13 18 30 31 42 53 56 59 62 74 77 81 85 91 93 99 100
6 32 35 38 39 41 60 65 70 75 76 81
6 9 18 41 58 60 63 67 74 77 79 84 85 96 97 99
94
1 4 7 31 32 36 38 39 41 48 57 74 79 89
10 39 48 95
39 41
3 16 48 59 62
1 9 16 19 20 23 44 45 46 48 51 54 55 60 70 78 84 86 89 94
24 36 38 39 40 85 93 99
3 4 7 41 43 47 68 71
3 5 10 26 32 39 41 46 48 57 79 82 90
18 23 32 38 39 56 61 68 73
3 7 26 31 39 41 44 49 79 85 92
5 6 11 15 30 39 55 61 62 78 89 90 92 96 99
58 59
20 21 23 38 39 40 41 44 48 51 52 55 60 62 68 70 77 80 85
2 8 10 13 18 24 39 41 48 52 53 54 60 83 89 90 92 94 96
15 24 48 66 72 76
1 10 18 22 30 39 43 44 45 48 69 71 78 83 90 100
31 38 39 41 46 48 54 56 71 89 95
12 15 20 25 28 30 33 38 39 42 43 48 51 55 64 75 91
1 22 39 41 48 52 55 64 68 97
16 21 31 68
3 8 26 36 39 51 73 74 83
38
9 21 23 24 35 36 39 40 43 48 50 57 59 65 68 77
22 32 39 60 63 73 81
39 41 48
11 15 31 39 41 44 48 50 60 62 69 70 72 73 74 75 79 82 89 92 94 97
4 6 10 14 16 26 27 32 33 35 36 39 41 42 46 49 51 64 65 67 77 79 81 83 91 92 99
41 48 79
7 30 41 64 93
2 3 4 5 39 41 50 53 61 64 75 82 89 94
9 12 14 18 31 35 39 41 42 49 51 72 75 83 95
6 17 19 24 25 32 38 39 41 48 63 67 83 88 90 92 95
20 27 38 46 58
1 11 14 39 41 47 48 52 56 66 75 84 91 93 96
23 39 48 68 74 76 83
13 18 20 29 32 33 34 35 36 39 40 41 43 48 50 58 59 61 62 69 75 80 81 85 97 99
4 20 21 25 29 30 34 39 40 44 60 66 72 81 93
39 45 48 94
7 8 18 25 27 28 30 39 50 64 81 88 89 93 94 97 98
23 35 41
1 5 13 26 31 33 34 36 37 38 39 40 41 43 47 48 56 57 63 65 66 68 69 71 73 87 93 96
31 41 42
10 23 48 71 73 83 85
7 32 65 87
25 48 56 57 64 95
1 23 39 41 60 74
0 6 11 21 32 35 36 38 39 41 44 48 52 56 60 62 70 71 77 98
32 48
35 38 39 48 69
1 7 9 10 14 18 19 45 47 50 61 62 63 65 67 72 73 78 80 84 90 93 94 98 99 100
39 40 50
11 17 20 23 29 32 33 36 37 39 40 41 42 45 48 52 60 63 65 66 76 77 83 89 92
2 5 6 7 12 20 29 30 31 34 37 38 39 41 48 65 72 73 74 76 90 92 97
8 39 97
1 42 45 48 65 68 98
10 35 39 59 62 73 93
7 9 12 18 19 30 31 32 37 39 71 75 82 96
3 4 5 12 16 21 25 27 32 38 39 42 48 57 61 62 67 68 73 76 84 96 98
16 20 27 31 34 39 47 48 50 51 55 57 74 78 79 81 82 92 98
39 47 61 71 88
12 33 35 36 38 43 69 74 89
6 14 15 23 32 36 39 40 41 45 46 53 56 60 61 68 69 72 77 78 79 80 84 85 94 96 98
38 39 41 43 48 49 63 77
12 13 38 39 41 44 47 48 56 66 77 81 89 100
3 11 18 22 31 37 39 40 41 43 44 56 58 60 62 67 68 71 76 79 90
15 31 47 53 56 64 76 87 100
1 7 18 28 38 39 41 48 52 55 76 77 91