30 31 32
33 34 35
36 37 38 39 40 41 42 43 44 45 46
38 39 47 48
38 39 48 49 50 51 52 53 54 55 56 57 58
32 41 59 60 61 62
3 39 48
63 64 65 66 67 68
32 69
48 70 71 72
39 73 74 75 76 77 78 79
36 38 39 41 48 79 80 81
82 83 84
41 85 86 87 88
39 48 57 63 89 90 91 92 93 94 95 96 97 98 99
36 38 39 48 89
4 7 18 28 37 39 41 42 98
2 38 39 41 95
4 15 20 30 39 56 58 98 100
3 7 22 34 38 40 41 42 43 45 51 52 53 57 74
38 48 71 93
6 9 13 29 35 38 39 42 45 48 50 58 71 78 79
1 34 39 97
18 38 39 56 87 92
42 45 48 54 71 96
39 41 48
19 47 49 59 70 73 84
19 24 38 39 48 54 62 68 92
17 20 32 39 41 48 80 95
32 38 39 47 48 67 70 91
28 39 70 85
36 38 41 48 59 69 78
1 7 34 36 39 48 52 54 55 58 73 74 77 84 94
20 24 39 40 44 50 68 85 91 99
16 35 37 39 54 63 65 72
8 20 28 42 43 46 63 68 96 98
34 68 71
39 41 48 52 57 70 97
1 5 26 32 36 37 38 39 43 62 68 80 83 86
15 38 39 96
14 28 33 39 41 48 57 80
10 25 39 48 65 86
22 45 48
6 10 39 46 48 62 64 66 72 78 83 97
12 39 48
36 38 39 50 52 65 73 82 93
31 39 42 79 83 100
19 33 39 48 79 85 86
74
1 5 28 32 37 38 39 48 55 76 85 94 100
39 48 68
6 38 39 42 45 48 51 95 96
3 12 21 23 39 41 44 47 48 63 65 66 70 88 98
24 37 38
1 5 25 28 31 36 38 39 45 47 60 63 69 70 71 74 75 76 78 82
2 7 10 56 71 81
13 39 45 48 50
15 39 67
13 22 47 48 50 52 58 89 99
4 16 18 22 24 25 26 37 38 41 44 46 48 76
7 21 30 32 39 41 48
1 3 6 18 43 48 51 55 71 75 77 82 92 98 99
20 76
6 23 25 28 30 38 39 41 48 60 63 79 100
1 11 16 31 32 37 39 41 43 44 48 65 68 74 89 93 100
28 49 53 99
18 38 41
38 53 55
7 9 18 19 32 43 47 52 55 58 67 70 74 98
19 30 36 57 66 71
39 50 54 86
8 9 14 16 20 26 31 32 35 38 40 48 53 60 71 77 80 81 89 98
5 32 39 45 48 57 59 99
10 16 18 40 84 89 100
6 15 39 57
5 39 46 48 65 66 78
1 9 12 15 21 23 26 31 32 36 38 40 46 48 55 57 68 82 84 87 88 93
14 18 30 47 48 68 70 75 77 86 90
3 21 23 32 37 38 44 48 57 58 59 71 73 75 78 84
17 39 48 55 71 92
39 41 68
13 41 91
7 15 30 39 58 63 69 70 90
31 32 39 41 48 67 95
38 39 41 51 61 88
9 60
11 21 32 35 39 42 48 49 50 72 79 84 89 99
39
31 41 91
14 32 38 39 48 65 83 100
38 41 45
2 12 16 20 22 49 50 59 62 63 67 68 79 94
1 9 38 39 41 48 65 94
39 48
14 28 38 39
2 9 45 88
27 61 83
41 50 67
5 25 37 38 40 47 48 61 81 83 92
21 38 39 72
7 18 35 37 38 39 44 47 48 49 57 59 60 61 62 76 84 89
10 19 21 34 39 48 56 65 72 76 96 100
7 9 13 28 32 36 39 45 46 48 69 76
4 5 25 31 32 34 37 39 41 48 49 52 64 71 72 73 76 89 94 98
13 18 38 62
4 39 41 48 82 83 90
38 39 68
5 10 13 24 36 37 38 41 44 46 48 54 57 60 62 68 71 78 88
7 8 34 35 39 43 48 63 76 77 80
27 39 56 95
11 25 38 39 55 56 71 86
2 5 16 19 26 30 32 42 45 52 55 62 63 64 66 68 79 83 84 85 92
10 83
39 48 78
1 7 12 14 17 21 28 32 39 41 48 60 67 84
39 48
38 39 41 48 89 90 95 97
10 13 22 25 30 33 38 48 50 59 69 70 74 92
36 38 39 99
39
13 14 21 39 45 65 70 75 89 95
1 41 60 71 86
39 48 50
11 17 33 39 43 48 56 58 61 62 69 72 79 80 82 88 90 97 99
39 41 50 57 95 96
22 39 72
39 46 57
2 4 20 23 24 38 39 41 47 48 52 56 58 65 74 90 91 93
37 38 39 48 83
1 11 12 16 32 39 62 67 68 76 85 86 98
2 12 18 28 29 39 51 74 76 80 82 94
13 35 39 40 91
6 19 37 38 39 41 48 61 82
3 25
3 39 48 49 97
3 8 18 19 26 30 34 36 38 39 41 48 50 51 53 56 57 63 66 68 73 84 85 88 91 93 95
2 41 48 58 72 74 98
8 10
9 39 41
41
19 99
9 10 13 24 31 40 53 60 61 94
3 4 21 27 39 48 50 60 63 68 70 74
12 18 23 35 58 62 70 78 90
25 33 35 70
11 39 41
9 38 59
38 68
8 12 18 19 34 39
2 39 48 77
2 4 7 21 23 37 38 53 100
8 11 16 18 23 24 39 41 48 53 54 58 60 67 89 91 94 96
12 24 38 39 41
8 38 39 48
11 17 19 21 23 27 28 30 31 33 38 39 40 41 44 47 48 50 61 62 76 92 99
26 48 86
8 38 41 85
19 38
9 39 41 48 59 71
22 32 41 53
33 39 48 66 89
0 18 23 30 39 45 48 57 61 65 81 83
22 32 39 70 86
12 22 39 41 62 74 94
4 5 6 11 13 17 20 26 31 34 39 46 48 49 58 61 69 84 96
36 38 39 62 95 97 100
32 35 38 83 89 91
14 16 48 53 59 97
2 9 20 38 39 42 48 67
1 8 9 24 31 38 39 70 94
39 41 48 95
49 52 89
10 11 39 45 48 49 78 86 97 99
36 39 48 50
39 48 84
10 38 39 48 63 75 78 80 100
13 22 24 31 39 40 43 53 62 64 70 73 75 83 92 97 100
7 21 27 39 41 69 81 85
37 39 48 85 90 91
7 8 14 15 17 21 39 41 42 43 47 48 52 57 59 61 67 76 78 85 92 96
39 61
21 28 48 65 70 75 87 93
35 38 39 47 48 51 56 92
31 39 41 78 93
6 25 59 78 87 98
3 9 18 28 32 33 38 39 41 47 57 60 70 76 78 89 100
17 21 25 32 42 48 65 85 99
5 20 32 33 38 39 41 42 46 53 59 61 63 73 76 90 93 94 97
19 39 46 48 58 73 86 92 96
9 14 27 38 39 48 49 63
5 32 39 41 66 69 73 82 85 91 92
10 39 41 48 56 66
4 6 7 9 18 34 35 46 48 76 91 96
23 39 65 70 89
8 15 16 17 19 20 21 25 26 32 33 40 41 43 47 63 66 70 72 76 79 87 90 91
1 3 4 10 12 14 15 17 23 25 27 29 35 45 46 47 51 56 57 63 64 65 70 76 81 86 91 93 94 95 96
60 70 86
15 28 39 64
5 12 26 27 39 41 44 48 73 77 84
16 20 45 49 51 65 66 68 69 72 79 81 82 87 91 94 95
39 48 85 87
4 6 7 12 13 14 17 26 35 36 38 39 44 46 53 55 57 63 75 76 79 81 84 89 92 95
21 32 63 89
6 32 33 39 45 48 54 60 73 84 85 87 89 91
14 32 44 50 68
19 20 21 39 41 48 55 62 66 90 91
30 38 39 57 97
4 37 44 46 48 54 69 74 83 85 88
23 71
7 12 20 24 30 32 38 42 48 65 73 75 77 81
20 39 58 59 64 70
2 5 16 20 22 23 31 47 48 62 63 64 67 72 77 78 79 86 91
10 39 48 57 96
14 31 38 39 48 49 69
48 72 78
39 41 46 47 48 61 82 83
32
38 57 87
47 64
22 31 50 68 69 82 91 94 98
7 12 23 26 30 39 44 48 53 88 91
38 39 48 99
27 30 38 39 41 43 44 88
2 17 24 29 33 38 39 41 47 61 64 69 72 75 79 82 91 92
16 39 41 48 70 75 90
11 14 32 43 57 61 66 74 86 88
26 39 44 57 65 66 69 100
0 39 48
38 71
19 39 41 44 48 55 81
12 32 38 39 41 48 63 66 74 100
2 12 13 16 24 25 26 32 36 38 39 41 43 48 52 55 56 57 58 70 78 82
6 30 33 36 38 42 43 48
39 48 53 83 93 100
20 39 46 48 96
